2 0.8054711250000001 0.7436440669642856 0.7993920982142857 0.625 0.7629179330357143 0.48516949107142854 0.6975683883928571 0.38559321875 0.6033434642857143 0.3262711875 0.5334346517857143 0.31779661160714284 0.48176291964285717 0.33050847321428567 0.3601823705357143 0.43644067857142854 0.3389057767857143 0.5127118660714286 0.4072948348214286 0.6038135580357142 0.4969604866071428 0.8305084732142857 0.5607902723214285 0.8644067812499999 0.6124620044642857 0.8686440669642856 0.7036474151785714 0.9491525401785715 0.7431610937500001 0.9237288125 0.7750759866071428 0.8622881339285715 0.8054711250000001 0.7436440669642856
2 0.8115501517857143 0.2860169508928571 0.8039513660714286 0.24576270982142856 0.7279635267857143 0.17796610267857144 0.6489361696428572 0.17796610267857144 0.5455927053571429 0.20762712053571428 0.3693009107142857 0.13983050892857143 0.35714285714285715 0.20762712053571428 0.3738601830357143 0.29449152678571433 0.4179331294642857 0.36864406696428575 0.48176291964285717 0.3262711875 0.5729483303571429 0.31355932142857146 0.6550151964285714 0.34322033928571427 0.7370820669642857 0.43220338839285716 0.7750759866071428 0.40042372767857143 0.8115501517857143 0.2860169508928571
2 0.4042553169642857 0.03601695089285715 0.40577507589285716 0.08474576339285714 0.42401215625 0.15254237499999998 0.47872340625 0.18644067857142857 0.52127659375 0.1906779642857143 0.6428571428571429 0.1313559330357143 0.6778115491071429 0.08262712053571429 0.6990881473214285 0.006355933035714286 0.4179331294642857 0 0.4042553169642857 0.03601695089285715
2 0.7644376919642858 0.42796610267857144 0.7492401205357143 0.4533898303571428 0.7781155000000001 0.5233050848214286 0.8024316116071429 0.6292372901785714 0.8054711250000001 0.7139830491071428 0.8161094241071429 0.7203389821428571 0.8571428571428571 0.6165254241071428 0.8510638303571428 0.48516949107142854 0.8161094241071429 0.4237288125 0.7644376919642858 0.42796610267857144
2 0.2021276607142857 0.5932203392857144 0.17021276785714284 0.6504237276785715 0.16261398214285713 0.7033898303571429 0.24772036607142858 0.8347457633928571 0.3297872321428571 0.9194915267857143 0.3632218839285714 0.9194915267857143 0.416413375 0.83686440625 0.3465045580357143 0.6716101696428571 0.31155015178571427 0.5211864419642857 0.24468085267857145 0.5466101696428571 0.2021276607142857 0.5932203392857144
2 0.3753799375 0.3093220357142857 0.3206686919642857 0.31355932142857146 0.24468085267857145 0.36864406696428575 0.21884498660714286 0.4088983035714286 0.19756838839285715 0.49788135714285714 0.17021276785714284 0.5317796607142857 0.15653495535714287 0.6144067812499999 0.1656534955357143 0.652542375 0.19148936160714286 0.5995762723214285 0.24772036607142858 0.53813559375 0.32370820535714284 0.5042372901785714 0.3465045580357143 0.44279661160714284 0.4103343482142857 0.3792372901785714 0.3920972633928571 0.3326271205357143 0.3753799375 0.3093220357142857
2 0.5547112455357143 0.8644067812499999 0.6155015178571429 0.8728813571428571 0.6641337366071428 0.9279661026785714 0.7188449866071428 0.9491525401785715 0.7537993928571429 0.9088983035714285 0.7872340446428572 0.8283898303571429 0.8054711250000001 0.7139830491071428 0.7993920982142857 0.6292372901785714 0.7720364732142857 0.5105932187500001 0.6945288749999999 0.38135593303571425 0.6367781160714285 0.3389830491071429 0.527355625 0.31779661160714284 0.4544072946428571 0.347457625 0.3525835848214286 0.44279661160714284 0.32522796428571427 0.5105932187500001 0.32674771875 0.5677966116071429 0.34042553125 0.6461864419642858 0.3510638303571429 0.6440677946428571 0.36778115625 0.6758474598214285 0.38905775000000004 0.7817796607142856 0.46048632142857143 0.8813559330357144 0.4772036473214286 0.875 0.49088145982142856 0.8305084732142857 0.5547112455357143 0.8644067812499999
2 0.5805471116071429 1 0.5425531919642858 0.9533898303571429 0.39969604910714285 0.8771186428571429 0.35714285714285715 0.9279661026785714 0.31155015178571427 0.9110169508928572 0.3024316116071429 0.9279661026785714 0.31155015178571427 0.9533898303571429 0.3693009107142857 1 0.5805471116071429 1
2 0.3617021294642857 1 0.26595744642857144 0.9279661026785714 0.16869300892857142 0.9110169508928572 0.06534954464285715 0.9406779642857143 0.0015197589285714287 1 0.3617021294642857 1
2 0.0015197589285714287 0.6483050848214286 0.0015197589285714287 1 0.5775075982142858 0.9978813571428571 0.5425531919642858 0.9576271205357143 0.40273556250000003 0.8855932187500001 0.35410334374999997 0.9364406785714285 0.3297872321428571 0.9322033883928571 0.1443769017857143 0.6991525401785715 0.11702127678571428 0.6779661026785714 0.0015197589285714287 0.6483050848214286
2 0.16413373660714287 0.16737287946428572 0.15501519642857145 0.15042372767857143 0.16717325446428571 0.1461864419642857 0.13373860267857143 0.11228813392857143 0.13525835714285714 0.09322033928571428 0.11854103125000001 0.09110169642857144 0.11398176339285715 0.059322035714285716 0.09422492410714287 0.08262712053571429 0.10182370982142856 0.09322033928571428 0.11246200446428571 0.07838983035714286 0.11550151785714287 0.09533898214285715 0.10334346428571428 0.09533898214285715 0.11094225 0.13559321875 0.056231004464285715 0.004237290178571429 0.02279635267857143 0.004237290178571429 0 0.08262712053571429 0.0015197589285714287 0.6228813571428571 0.09270516517857143 0.5932203392857144 0.19300912053571428 0.5 0.24316109375 0.3199152544642857 0.23708206696428571 0.2860169508928571 0.19604863392857141 0.2288135580357143 0.13373860267857143 0.17584745982142858 0.15653495535714287 0.17796610267857144 0.16413373660714287 0.16737287946428572
2 0.06534954464285715 0.012711866071428572 0.08054711160714287 0.038135593749999995 0.13525835714285714 0.059322035714285716 0.21428571428571427 0.059322035714285716 0.22340425446428572 0.02542372767857143 0.26291793303571426 0.021186441964285714 0.2765957455357143 0.002118642857142857 0.06534954464285715 0 0.06534954464285715 0.012711866071428572