2 0.8686440669642856 0.3875379955357143 0.9491525401785715 0.2963525848214286 0.9237288125 0.25683890625 0.8622881339285715 0.22492401339285714 0.7436440669642856 0.19452887500000002 0.625 0.20060790178571428 0.48516949107142854 0.23708206696428571 0.38559321875 0.3024316116071429 0.3262711875 0.39665653571428566 0.31779661160714284 0.4665653482142857 0.33050847321428567 0.5182370803571429 0.43644067857142854 0.6398176294642858 0.5127118660714286 0.6610942232142857 0.6038135580357142 0.5927051651785714 0.8305084732142857 0.5030395133928571 0.8644067812499999 0.43920972767857147 0.8686440669642856 0.3875379955357143
2 0.31355932142857146 0.4270516696428572 0.34322033928571427 0.3449848035714286 0.43220338839285716 0.26291793303571426 0.40042372767857143 0.22492401339285714 0.2860169508928571 0.18844984821428573 0.24576270982142856 0.19604863392857141 0.17796610267857144 0.2720364732142857 0.17796610267857144 0.3510638303571429 0.20762712053571428 0.4544072946428571 0.13983050892857143 0.6306990892857144 0.20762712053571428 0.6428571428571429 0.29449152678571433 0.6261398169642857 0.36864406696428575 0.5820668705357143 0.3262711875 0.5182370803571429 0.31355932142857146 0.4270516696428572
2 0.1313559330357143 0.35714285714285715 0.08262712053571429 0.32218845089285714 0.006355933035714286 0.30091185267857146 0 0.5820668705357143 0.03601695089285715 0.5957446830357143 0.08474576339285714 0.5942249241071428 0.15254237499999998 0.57598784375 0.18644067857142857 0.52127659375 0.1906779642857143 0.47872340625 0.1313559330357143 0.35714285714285715
2 0.7203389821428571 0.18389057589285712 0.6165254241071428 0.14285714285714285 0.48516949107142854 0.14893616964285714 0.4237288125 0.18389057589285712 0.42796610267857144 0.2355623080357143 0.4533898303571428 0.2507598794642857 0.5233050848214286 0.2218845 0.6292372901785714 0.19756838839285715 0.7139830491071428 0.19452887500000002 0.7203389821428571 0.18389057589285712
2 0.83686440625 0.5835866249999999 0.6716101696428571 0.6534954419642858 0.5211864419642857 0.6884498482142857 0.5466101696428571 0.7553191473214286 0.5932203392857144 0.7978723392857142 0.6504237276785715 0.8297872321428572 0.7033898303571429 0.8373860178571428 0.8347457633928571 0.7522796339285714 0.9194915267857143 0.6702127678571428 0.9194915267857143 0.6367781160714285 0.83686440625 0.5835866249999999
2 0.5042372901785714 0.6762917946428572 0.44279661160714284 0.6534954419642858 0.3792372901785714 0.5896656517857143 0.3326271205357143 0.6079027366071428 0.3093220357142857 0.6246200625 0.31355932142857146 0.6793313080357143 0.36864406696428575 0.7553191473214286 0.4088983035714286 0.7811550133928572 0.49788135714285714 0.8024316116071429 0.5317796607142857 0.8297872321428572 0.6144067812499999 0.8434650446428572 0.652542375 0.8343465044642857 0.5995762723214285 0.8085106383928571 0.53813559375 0.7522796339285714 0.5042372901785714 0.6762917946428572
2 0.7817796607142856 0.61094225 0.8813559330357144 0.5395136785714285 0.875 0.5227963526785714 0.8305084732142857 0.5091185401785714 0.8644067812499999 0.44528875446428573 0.8728813571428571 0.38449848214285715 0.9279661026785714 0.33586626339285713 0.9491525401785715 0.28115501339285714 0.9088983035714285 0.24620060714285713 0.8283898303571429 0.21276595535714285 0.7139830491071428 0.19452887500000002 0.6292372901785714 0.20060790178571428 0.5105932187500001 0.2279635267857143 0.38135593303571425 0.305471125 0.3389830491071429 0.3632218839285714 0.31779661160714284 0.47264437499999995 0.347457625 0.5455927053571429 0.44279661160714284 0.6474164151785714 0.5105932187500001 0.6747720357142857 0.5677966116071429 0.67325228125 0.6461864419642858 0.65957446875 0.6440677946428571 0.6489361696428572 0.6758474598214285 0.6322188437499999 0.7817796607142856 0.61094225
2 1 0.41945288839285716 0.9533898303571429 0.4574468080357143 0.8771186428571429 0.6003039508928572 0.9279661026785714 0.6428571428571429 0.9110169508928572 0.6884498482142857 0.9279661026785714 0.6975683883928571 0.9533898303571429 0.6884498482142857 1 0.6306990892857144 1 0.41945288839285716
2 1 0.6382978705357143 0.9279661026785714 0.7340425535714286 0.9110169508928572 0.8313069910714285 0.9406779642857143 0.9346504553571429 1 0.9984802410714285 1 0.6382978705357143
2 0.9364406785714285 0.6458966562499999 0.9322033883928571 0.6702127678571428 0.6991525401785715 0.8556230982142857 0.6779661026785714 0.8829787232142857 0.6483050848214286 0.9984802410714285 1 0.9984802410714285 0.9978813571428571 0.4224924017857143 0.9576271205357143 0.4574468080357143 0.8855932187500001 0.5972644375 0.9364406785714285 0.6458966562499999
2 0.2860169508928571 0.7629179330357143 0.2288135580357143 0.8039513660714286 0.17584745982142858 0.8662613973214286 0.17796610267857144 0.8434650446428572 0.16737287946428572 0.8358662633928572 0.15042372767857143 0.8449848035714286 0.1461864419642857 0.8328267455357142 0.11228813392857143 0.8662613973214286 0.09322033928571428 0.8647416428571428 0.09110169642857144 0.88145896875 0.059322035714285716 0.8860182366071429 0.08262712053571429 0.9057750758928572 0.09322033928571428 0.8981762901785714 0.07838983035714286 0.8875379955357143 0.09533898214285715 0.8844984821428571 0.09533898214285715 0.8966565357142857 0.13559321875 0.88905775 0.004237290178571429 0.9437689955357144 0.004237290178571429 0.9772036473214286 0.08262712053571429 1 0.6228813571428571 0.9984802410714285 0.5932203392857144 0.9072948348214286 0.5 0.8069908794642856 0.3199152544642857 0.7568389062499999 0.2860169508928571 0.7629179330357143
2 0.02542372767857143 0.7765957455357143 0.021186441964285714 0.7370820669642857 0.002118642857142857 0.7234042544642857 0 0.9346504553571429 0.012711866071428572 0.9346504553571429 0.038135593749999995 0.9194528883928571 0.059322035714285716 0.8647416428571428 0.059322035714285716 0.7857142857142857 0.02542372767857143 0.7765957455357143