2 0.19452887500000002 0.2563559330357143 0.20060790178571428 0.375 0.23708206696428571 0.5148305089285714 0.3024316116071429 0.6144067812499999 0.39665653571428566 0.6737288125 0.4665653482142857 0.6822033883928571 0.5182370803571429 0.6694915267857143 0.6398176294642858 0.5635593214285715 0.6610942232142857 0.4872881339285714 0.5927051651785714 0.3961864419642857 0.5030395133928571 0.16949152678571427 0.43920972767857147 0.13559321875 0.3875379955357143 0.1313559330357143 0.2963525848214286 0.05084745982142857 0.25683890625 0.07627118749999999 0.22492401339285714 0.13771186607142857 0.19452887500000002 0.2563559330357143
2 0.18844984821428573 0.7139830491071428 0.19604863392857141 0.7542372901785714 0.2720364732142857 0.8220338973214286 0.3510638303571429 0.8220338973214286 0.4544072946428571 0.7923728794642857 0.6306990892857144 0.8601694910714286 0.6428571428571429 0.7923728794642857 0.6261398169642857 0.7055084732142857 0.5820668705357143 0.6313559330357144 0.5182370803571429 0.6737288125 0.4270516696428572 0.6864406785714285 0.3449848035714286 0.6567796607142856 0.26291793303571426 0.5677966116071429 0.22492401339285714 0.5995762723214285 0.18844984821428573 0.7139830491071428
2 0.5957446830357143 0.9639830491071428 0.5942249241071428 0.9152542366071429 0.57598784375 0.847457625 0.52127659375 0.8135593214285715 0.47872340625 0.8093220357142857 0.35714285714285715 0.8686440669642856 0.32218845089285714 0.9173728794642857 0.30091185267857146 0.9936440669642856 0.5820668705357143 1 0.5957446830357143 0.9639830491071428
2 0.2355623080357143 0.5720338973214286 0.2507598794642857 0.5466101696428571 0.2218845 0.47669491517857143 0.19756838839285715 0.3707627098214286 0.19452887500000002 0.2860169508928571 0.18389057589285712 0.27966101785714287 0.14285714285714285 0.3834745758928571 0.14893616964285714 0.5148305089285714 0.18389057589285712 0.5762711875 0.2355623080357143 0.5720338973214286
2 0.7978723392857142 0.40677966071428573 0.8297872321428572 0.34957627232142857 0.8373860178571428 0.2966101696428572 0.7522796339285714 0.16525423660714283 0.6702127678571428 0.08050847321428571 0.6367781160714285 0.08050847321428571 0.5835866249999999 0.16313559375 0.6534954419642858 0.3283898303571428 0.6884498482142857 0.4788135580357143 0.7553191473214286 0.4533898303571428 0.7978723392857142 0.40677966071428573
2 0.6246200625 0.6906779642857143 0.6793313080357143 0.6864406785714285 0.7553191473214286 0.6313559330357144 0.7811550133928572 0.5911016964285715 0.8024316116071429 0.5021186428571428 0.8297872321428572 0.46822033928571427 0.8434650446428572 0.38559321875 0.8343465044642857 0.347457625 0.8085106383928571 0.40042372767857143 0.7522796339285714 0.46186440625 0.6762917946428572 0.4957627098214286 0.6534954419642858 0.5572033883928571 0.5896656517857143 0.6207627098214286 0.6079027366071428 0.6673728794642857 0.6246200625 0.6906779642857143
2 0.44528875446428573 0.13559321875 0.38449848214285715 0.12711864285714286 0.33586626339285713 0.07203389732142858 0.28115501339285714 0.05084745982142857 0.24620060714285713 0.09110169642857144 0.21276595535714285 0.17161016964285714 0.19452887500000002 0.2860169508928571 0.20060790178571428 0.3707627098214286 0.2279635267857143 0.48940678125 0.305471125 0.6186440669642856 0.3632218839285714 0.6610169508928572 0.47264437499999995 0.6822033883928571 0.5455927053571429 0.652542375 0.6474164151785714 0.5572033883928571 0.6747720357142857 0.48940678125 0.67325228125 0.43220338839285716 0.65957446875 0.3538135580357143 0.6489361696428572 0.3559322053571429 0.6322188437499999 0.3241525401785714 0.61094225 0.21822033928571427 0.5395136785714285 0.11864406696428571 0.5227963526785714 0.125 0.5091185401785714 0.16949152678571427 0.44528875446428573 0.13559321875
2 0.41945288839285716 0 0.4574468080357143 0.04661016964285714 0.6003039508928572 0.12288135714285715 0.6428571428571429 0.07203389732142858 0.6884498482142857 0.08898304910714286 0.6975683883928571 0.07203389732142858 0.6884498482142857 0.04661016964285714 0.6306990892857144 0 0.41945288839285716 0
2 0.6382978705357143 0 0.7340425535714286 0.07203389732142858 0.8313069910714285 0.08898304910714286 0.9346504553571429 0.059322035714285716 0.9984802410714285 0 0.6382978705357143 0
2 0.9984802410714285 0.35169491517857143 0.9984802410714285 0 0.4224924017857143 0.002118642857142857 0.4574468080357143 0.04237287946428571 0.5972644375 0.11440678125 0.6458966562499999 0.06355932142857143 0.6702127678571428 0.06779661160714286 0.8556230982142857 0.3008474598214286 0.8829787232142857 0.32203389732142856 0.9984802410714285 0.35169491517857143
2 0.8358662633928572 0.8326271205357143 0.8449848035714286 0.8495762723214285 0.8328267455357142 0.8538135580357142 0.8662613973214286 0.8877118660714285 0.8647416428571428 0.9067796607142856 0.88145896875 0.9088983035714285 0.8860182366071429 0.9406779642857143 0.9057750758928572 0.9173728794642857 0.8981762901785714 0.9067796607142856 0.8875379955357143 0.9216101696428571 0.8844984821428571 0.9046610178571429 0.8966565357142857 0.9046610178571429 0.88905775 0.8644067812499999 0.9437689955357144 0.9957627098214286 0.9772036473214286 0.9957627098214286 1 0.9173728794642857 0.9984802410714285 0.37711864285714286 0.9072948348214286 0.40677966071428573 0.8069908794642856 0.5 0.7568389062499999 0.6800847455357143 0.7629179330357143 0.7139830491071428 0.8039513660714286 0.7711864419642858 0.8662613973214286 0.8241525401785715 0.8434650446428572 0.8220338973214286 0.8358662633928572 0.8326271205357143
2 0.9346504553571429 0.9872881339285715 0.9194528883928571 0.96186440625 0.8647416428571428 0.9406779642857143 0.7857142857142857 0.9406779642857143 0.7765957455357143 0.9745762723214285 0.7370820669642857 0.9788135580357142 0.7234042544642857 0.9978813571428571 0.9346504553571429 1 0.9346504553571429 0.9872881339285715