2 0.9957507098214285 0.004237290178571429 0.6104815848214286 0 0.6076487232142858 0.012711866071428572 0.6543909330357144 0.09110169642857144 0.6487252142857143 0.15466101785714284 0.6841359776785714 0.25847457589285716 0.8796033973214286 0.2923728794642857 0.9589235133928572 0.2923728794642857 0.97450425 0.26483050892857146 0.9971671383928572 0.13771186607142857 0.9957507098214285 0.004237290178571429
2 0.8852691205357143 1 0.9093484419642858 0.9639830491071428 0.9206798883928571 0.8877118660714285 0.9150141651785715 0.83686440625 0.92917846875 0.777542375 0.9093484419642858 0.7351694910714286 0.9150141651785715 0.6885593214285715 0.90368271875 0.6080508482142858 0.9121813035714286 0.5572033883928571 0.8866855535714285 0.47669491517857143 0.8951841339285714 0.40042372767857143 0.8838526919642857 0.3622881339285714 0.7804532589285714 0.28813559375 0.7662889508928572 0.32203389732142856 0.67280453125 0.38135593303571425 0.6770538258928571 0.4216101696428572 0.66005665625 0.47669491517857143 0.6104815848214286 0.5084745758928572 0.6331444776785714 0.5254237276785714 0.6487252142857143 0.5656779642857143 0.6416430580357143 0.6271186428571429 0.7266288973214285 0.6355932187500001 0.7365439107142857 0.6504237276785715 0.7422096339285714 0.7860169508928572 0.7861189821428571 0.8008474598214285 0.7960339955357142 0.8199152544642857 0.7932011339285714 0.8538135580357142 0.7804532589285714 0.8644067812499999 0.6841359776785714 0.8644067812499999 0.6713881026785715 0.8877118660714285 0.7747875357142858 0.9067796607142856 0.7917847008928571 0.9491525401785715 0.8342776205357143 0.9491525401785715 0.8484419285714286 1 0.8852691205357143 1
2 0.6458923526785715 0.5826271205357143 0.6373937678571429 0.5444915267857143 0.5878186964285714 0.4915254241071429 0.5807365446428571 0.4639830491071429 0.6331444776785714 0.4915254241071429 0.6543909330357144 0.4809322053571429 0.6742209642857143 0.4088983035714286 0.6062322946428571 0.3241525401785714 0.6558073660714285 0.31355932142857146 0.6742209642857143 0.2860169508928571 0.6742209642857143 0.2436440669642857 0.6430594910714286 0.15042372767857143 0.6572237946428572 0.125 0.6543909330357144 0.09957627232142856 0.5991501428571429 0.004237290178571429 0.3725212455357143 0.004237290178571429 0.36685552232142854 0.25423729017857144 0.3824362589285714 0.3961864419642857 0.4093484419642857 0.4491525401785714 0.48016997321428573 0.5042372901785714 0.5424929196428572 0.5847457633928571 0.5764872499999999 0.5932203392857144 0.6104815848214286 0.6313559330357144 0.6373937678571429 0.6165254241071428 0.6458923526785715 0.5826271205357143
2 0.23512747767857142 0.5487288125 0.2733711026785714 0.35169491517857143 0.2804532589285714 0.4088983035714286 0.3087818705357143 0.4216101696428572 0.3257790357142857 0.2860169508928571 0.3257790357142857 0.18008474553571427 0.30311614732142855 0.15042372767857143 0.3073654375 0.004237290178571429 0 0.006355933035714286 0.0014164285714285715 0.7288135580357142 0.05240793303571428 0.7076271205357143 0.06090651339285714 0.7245762723214285 0.08640226785714286 0.7076271205357143 0.09206798660714285 0.7245762723214285 0.15014164285714288 0.6546610178571429 0.1430594910714286 0.6398305089285714 0.20821529910714287 0.6144067812499999 0.23512747767857142 0.5487288125
2 0.5028328616071429 0.6355932187500001 0.49150141517857143 0.7033898303571429 0.6756373928571427 0.7330508482142858 0.6869688392857143 0.78813559375 0.7393767723214285 0.7860169508928572 0.7308781875 0.7309322053571429 0.7393767723214285 0.722457625 0.7393767723214285 0.66313559375 0.7237960357142857 0.6398305089285714 0.5028328616071429 0.6355932187500001
2 0.7903682723214286 0.8495762723214285 0.7932011339285714 0.8114406785714285 0.6813031160714286 0.7923728794642857 0.6572237946428572 0.8283898303571429 0.6558073660714285 0.8516949151785714 0.7747875357142858 0.8601694910714286 0.7903682723214286 0.8495762723214285
2 0.67280453125 0.7923728794642857 0.6827195446428572 0.7521186428571429 0.67280453125 0.7330508482142858 0.5991501428571429 0.7245762723214285 0.5906515580357142 0.7669491517857142 0.5481586383928572 0.7796610178571429 0.5481586383928572 0.7923728794642857 0.67280453125 0.7923728794642857
2 0.5821529732142857 0.8050847455357143 0.5878186964285714 0.8516949151785714 0.7436260625 0.8601694910714286 0.7861189821428571 0.8559322053571429 0.7932011339285714 0.8411016964285715 0.7861189821428571 0.8050847455357143 0.7521246473214286 0.7966101696428571 0.5906515580357142 0.7923728794642857 0.5821529732142857 0.8050847455357143
2 0.5821529732142857 0.8855932187500001 0.6558073660714285 0.8983050848214286 0.6628895178571429 0.8580508482142858 0.5906515580357142 0.8516949151785714 0.5821529732142857 0.8855932187500001
2 0.7280453258928572 0.9173728794642857 0.6331444776785714 0.9067796607142856 0.6076487232142858 0.9533898303571429 0.7181303124999999 0.9703389821428571 0.7280453258928572 0.9597457633928571 0.7280453258928572 0.9173728794642857
2 0.779036825892857 0.9555084732142857 0.7747875357142858 0.9110169508928572 0.7181303124999999 0.9110169508928572 0.7280453258928572 0.9173728794642857 0.7294617544642856 0.96186440625 0.779036825892857 0.9555084732142857
2 0.7464589241071428 1 0.7875354107142857 0.9936440669642856 0.7776203973214286 0.9745762723214285 0.7521246473214286 0.9745762723214285 0.7464589241071428 1
2 0.7776203973214286 0.9788135580357142 0.7889518392857143 1 0.8441926339285715 0.9978813571428571 0.8342776205357143 0.9533898303571429 0.7436260625 0.9745762723214285 0.7492917857142858 0.9872881339285715 0.7776203973214286 0.9788135580357142
2 0.7450424910714286 1 0.7422096339285714 0.9766949151785714 0.7237960357142857 0.9703389821428571 0.6416430580357143 0.9661016964285715 0.6359773392857143 0.9872881339285715 0.6756373928571427 1 0.7450424910714286 1
2 0.34151785714285715 0.8125 0.5357142857142857 0.375