2 0.2923728794642857 0.12039660267857143 0.2923728794642857 0.04107648660714286 0.26483050892857146 0.02549575 0.13771186607142857 0.002832861607142857 0.004237290178571429 0.004249290178571429 0 0.38951841517857144 0.012711866071428572 0.3923512767857143 0.09110169642857144 0.3456090669642857 0.15466101785714284 0.3512747857142857 0.25847457589285716 0.3158640223214286 0.2923728794642857 0.12039660267857143
2 1 0.11473087946428571 0.9639830491071428 0.09065155803571427 0.8877118660714285 0.07932011160714285 0.83686440625 0.08498583482142856 0.777542375 0.07082153125 0.7351694910714286 0.09065155803571427 0.6885593214285715 0.08498583482142856 0.6080508482142858 0.09631728125000001 0.5572033883928571 0.08781869642857143 0.47669491517857143 0.11331444642857143 0.40042372767857143 0.10481586607142857 0.3622881339285714 0.11614730803571428 0.28813559375 0.21954674107142855 0.32203389732142856 0.23371104910714285 0.38135593303571425 0.32719546875 0.4216101696428572 0.3229461741071429 0.47669491517857143 0.33994334375 0.5084745758928572 0.38951841517857144 0.5254237276785714 0.36685552232142854 0.5656779642857143 0.3512747857142857 0.6271186428571429 0.35835694196428575 0.6355932187500001 0.2733711026785714 0.6504237276785715 0.2634560892857143 0.7860169508928572 0.2577903660714286 0.8008474598214285 0.21388101785714286 0.8199152544642857 0.2039660044642857 0.8538135580357142 0.20679886607142858 0.8644067812499999 0.21954674107142855 0.8644067812499999 0.3158640223214286 0.8877118660714285 0.3286118973214286 0.9067796607142856 0.2252124642857143 0.9491525401785715 0.20821529910714287 0.9491525401785715 0.16572237946428572 1 0.15155807142857142 1 0.11473087946428571
2 0.5847457633928571 0.4575070803571428 0.5932203392857144 0.42351275 0.6313559330357144 0.38951841517857144 0.6165254241071428 0.3626062321428571 0.5826271205357143 0.3541076473214286 0.5444915267857143 0.3626062321428571 0.4915254241071429 0.4121813035714286 0.4639830491071429 0.4192634553571429 0.4915254241071429 0.36685552232142854 0.4809322053571429 0.3456090669642857 0.4088983035714286 0.3257790357142857 0.3241525401785714 0.39376770535714284 0.31355932142857146 0.3441926339285714 0.2860169508928571 0.3257790357142857 0.2436440669642857 0.3257790357142857 0.15042372767857143 0.35694050892857143 0.125 0.34277620535714287 0.09957627232142856 0.3456090669642857 0.004237290178571429 0.40084985714285715 0.004237290178571429 0.6274787544642857 0.25423729017857144 0.6331444776785714 0.3961864419642857 0.6175637410714286 0.4491525401785714 0.5906515580357142 0.5042372901785714 0.5198300267857142 0.5847457633928571 0.4575070803571428
2 0.7245762723214285 0.9079320133928571 0.6546610178571429 0.8498583571428571 0.6398305089285714 0.8569405089285714 0.6144067812499999 0.7917847008928571 0.5487288125 0.7648725223214285 0.35169491517857143 0.7266288973214285 0.4088983035714286 0.7195467410714286 0.4216101696428572 0.6912181294642857 0.2860169508928571 0.6742209642857143 0.18008474553571427 0.6742209642857143 0.15042372767857143 0.6968838526785713 0.004237290178571429 0.6926345625 0.006355933035714286 1 0.7288135580357142 0.9985835714285713 0.7076271205357143 0.9475920669642858 0.7245762723214285 0.9390934866071429 0.7076271205357143 0.9135977321428571 0.7245762723214285 0.9079320133928571
2 0.7309322053571429 0.2691218125 0.722457625 0.26062322767857143 0.66313559375 0.26062322767857143 0.6398305089285714 0.27620396428571425 0.6355932187500001 0.49716713839285714 0.7033898303571429 0.5084985848214286 0.7330508482142858 0.32436260714285714 0.78813559375 0.31303116071428566 0.7860169508928572 0.26062322767857143 0.7309322053571429 0.2691218125
2 0.7923728794642857 0.31869688392857143 0.8283898303571429 0.34277620535714287 0.8516949151785714 0.3441926339285714 0.8601694910714286 0.2252124642857143 0.8495762723214285 0.20963172767857144 0.8114406785714285 0.20679886607142858 0.7923728794642857 0.31869688392857143
2 0.7245762723214285 0.40084985714285715 0.7669491517857142 0.4093484419642857 0.7796610178571429 0.45184136160714283 0.7923728794642857 0.45184136160714283 0.7923728794642857 0.32719546875 0.7521186428571429 0.3172804553571429 0.7330508482142858 0.32719546875 0.7245762723214285 0.40084985714285715
2 0.8411016964285715 0.20679886607142858 0.8050847455357143 0.21388101785714286 0.7966101696428571 0.24787535267857144 0.7923728794642857 0.4093484419642857 0.8050847455357143 0.4178470267857143 0.8516949151785714 0.4121813035714286 0.8601694910714286 0.2563739375 0.8559322053571429 0.21388101785714286 0.8411016964285715 0.20679886607142858
2 0.8855932187500001 0.4178470267857143 0.8983050848214286 0.3441926339285714 0.8580508482142858 0.33711048214285716 0.8516949151785714 0.4093484419642857 0.8855932187500001 0.4178470267857143
2 0.9067796607142856 0.36685552232142854 0.9533898303571429 0.3923512767857143 0.9703389821428571 0.2818696875 0.9597457633928571 0.27195467410714286 0.9173728794642857 0.27195467410714286 0.9067796607142856 0.36685552232142854
2 0.9110169508928572 0.2252124642857143 0.9110169508928572 0.2818696875 0.9173728794642857 0.27195467410714286 0.96186440625 0.27053824553571426 0.9555084732142857 0.22096317410714286 0.9110169508928572 0.2252124642857143
2 1 0.2535410758928572 0.9936440669642856 0.21246458928571427 0.9745762723214285 0.22237960267857143 0.9745762723214285 0.24787535267857144 1 0.2535410758928572
2 0.9978813571428571 0.15580736607142856 0.9533898303571429 0.16572237946428572 0.9745762723214285 0.2563739375 0.9872881339285715 0.25070821428571427 0.9788135580357142 0.22237960267857143 1 0.21104816071428573 0.9978813571428571 0.15580736607142856
2 1 0.25495750892857144 0.9766949151785714 0.2577903660714286 0.9703389821428571 0.27620396428571425 0.9661016964285715 0.35835694196428575 0.9872881339285715 0.36402266071428574 1 0.32436260714285714 1 0.25495750892857144
2 0.8125 0.6584821428571429 0.375 0.5334821428571429