2 0 0.9427966116071429 0.02711864285714286 0.9427966116071429 0.018644066964285715 1 0.16610169642857145 0.9978813571428571 0.16610169642857145 0.9512711875 0.13389830357142857 0.9067796607142856 0.06101695089285714 0.9004237276785715 0.11186440625 0.8411016964285715 0.12033898214285714 0.7923728794642857 0.15593220535714286 0.8241525401785715 0.16440678125000002 0.8644067812499999 0.17288135714285713 0.7987288125 0.21186440625 0.7457627098214286 0.24576270982142856 0.7330508482142858 0.24915254017857144 0.7033898303571429 0.2254237276785714 0.6567796607142856 0.17796610267857144 0.6483050848214286 0.12542372767857143 0.6970338973214286 0.11016949107142858 0.7457627098214286 0.08474576339285714 0.7182203392857144 0.08305084821428572 0.6483050848214286 0.13050847321428571 0.6440677946428571 0.14406779464285716 0.6610169508928572 0.18983050892857142 0.6334745758928572 0.19999999999999998 0.5911016964285715 0.18644067857142857 0.58686440625 0.17457627232142858 0.53813559375 0.16271186607142857 0.5529661026785714 0.18135593303571426 0.5847457633928571 0.13389830357142857 0.5550847455357143 0.05593220535714286 0.5550847455357143 0.038983049107142856 0.53813559375 0 0.58686440625 0 0.9427966116071429
2 0.1576271205357143 0.9322033883928571 0.20169491517857144 0.9364406785714285 0.21525423660714285 0.9237288125 0.24406779464285713 0.9427966116071429 0.25423729017857144 0.9597457633928571 0.23898304910714288 1 0.347457625 0.9957627098214286 0.3423728794642857 0.9682203392857144 0.3254237276785714 0.9639830491071428 0.34576270982142854 0.9470338973214286 0.35084745982142856 0.902542375 0.31186440624999995 0.7860169508928572 0.2627118660714286 0.7415254241071428 0.20847457589285714 0.75 0.16440678125000002 0.8262711875 0.14406779464285716 0.8220338973214286 0.12203389732142857 0.8495762723214285 0.1288135580357143 0.8961864419642858 0.1576271205357143 0.9322033883928571
2 0.3559322053571429 0.9936440669642856 0.38474576339285715 0.9915254241071428 0.35762712053571427 0.9322033883928571 0.3559322053571429 0.9936440669642856
2 0.39999999999999997 0.9936440669642856 0.4796610178571429 1 0.4898305089285714 0.9406779642857143 0.4559322053571429 0.8771186428571429 0.39999999999999997 0.9512711875 0.39999999999999997 0.9936440669642856
2 0.4898305089285714 0.8813559330357144 0.5203389821428571 0.8389830491071428 0.5440677946428571 0.8728813571428571 0.5949152544642857 0.8855932187500001 0.6271186428571429 0.8622881339285715 0.652542375 0.78813559375 0.6152542366071428 0.7076271205357143 0.5677966116071429 0.7033898303571429 0.5288135580357143 0.7351694910714286 0.5118644062500001 0.8029661026785714 0.4796610178571429 0.8135593214285715 0.4576271205357143 0.8622881339285715 0.46949152678571426 0.8813559330357144 0.4898305089285714 0.8813559330357144
2 0.9338983035714286 1 0.9338983035714286 0.9788135580357142 0.9 0.9194915267857143 0.8762711875000001 0.9110169508928572 0.8016949151785714 0.9406779642857143 0.7983050848214285 0.96186440625 0.7830508482142857 0.9555084732142857 0.78813559375 0.9406779642857143 0.7694915267857143 0.9385593214285715 0.7711864419642858 0.9194915267857143 0.8186440669642857 0.9237288125 0.8610169508928571 0.8622881339285715 0.8542372901785714 0.7860169508928572 0.81186440625 0.7542372901785714 0.7406779642857143 0.8177966116071429 0.7101694910714286 0.7966101696428571 0.6661016964285714 0.8008474598214285 0.6203389821428571 0.8792372901785714 0.6101694910714286 0.9894067812499999 0.7983050848214285 1 0.8016949151785714 0.9661016964285715 0.8050847455357143 1 0.9338983035714286 1
2 0.5576271205357143 0.6059322053571429 0.5169491517857143 0.5593220357142857 0.46949152678571426 0.5550847455357143 0.4101694910714286 0.6165254241071428 0.41355932142857144 0.6673728794642857 0.3762711875 0.6758474598214285 0.37288135714285714 0.8072033883928571 0.3949152544642857 0.8347457633928571 0.4220338973214286 0.8220338973214286 0.4406779642857143 0.7902542366071429 0.4423728794642857 0.71186440625 0.4932203392857143 0.7330508482142858 0.5203389821428571 0.7245762723214285 0.5508474598214286 0.6864406785714285 0.6355932187500001 0.7203389821428571 0.6593220357142856 0.7076271205357143 0.6745762723214286 0.7478813571428571 0.7067796607142858 0.7796610178571429 0.7610169508928571 0.7923728794642857 0.8033898303571428 0.7521186428571429 0.8152542366071429 0.6822033883928571 0.7999999999999999 0.6419491517857142 0.7576271205357142 0.6059322053571429 0.7135593214285715 0.6059322053571429 0.6694915267857143 0.6483050848214286 0.6677966116071429 0.6165254241071428 0.6457627098214286 0.5889830491071428 0.5711864419642857 0.5889830491071428 0.5576271205357143 0.6059322053571429
2 0.9 0.9110169508928572 0.9406779642857143 0.8601694910714286 1 0.9004237276785715 0.9983050848214285 0.6398305089285714 0.9372881339285714 0.6610169508928572 0.9305084732142858 0.71186440625 0.9 0.7033898303571429 0.8711864419642856 0.722457625 0.8508474598214286 0.7648305089285714 0.8610169508928571 0.8580508482142858 0.8491525401785714 0.902542375 0.9 0.9110169508928572
2 0.8186440669642857 0.6652542366071429 0.8661016964285714 0.6652542366071429 0.8694915267857143 0.6483050848214286 0.8508474598214286 0.6122881339285715 0.8610169508928571 0.527542375 0.8254237276785714 0.4915254241071429 0.7983050848214285 0.4915254241071429 0.7627118660714285 0.5360169508928572 0.7830508482142857 0.5911016964285715 0.7762711875 0.6080508482142858 0.8186440669642857 0.6652542366071429
2 0.9711864419642857 0.5677966116071429 0.9372881339285714 0.5254237276785714 0.8966101696428571 0.5296610178571429 0.8677966116071428 0.5529661026785714 0.8576271205357143 0.6122881339285715 0.8762711875000001 0.6483050848214286 0.9271186428571428 0.6610169508928572 0.9661016964285715 0.6165254241071428 0.9711864419642857 0.5677966116071429
2 1 0.39194915178571427 0.9830508482142858 0.3877118660714286 1 0.3622881339285714 0.9898305089285715 0.2987288125 1 0.2987288125 0.9983050848214285 0.16101695089285714 0.9593220357142858 0.20974576339285717 0.9593220357142858 0.24788135714285714 0.9830508482142858 0.29025423660714283 0.9406779642857143 0.2711864419642857 0.9 0.2838983035714286 0.8813559330357144 0.3326271205357143 0.8983050848214286 0.375 0.8762711875000001 0.37288135714285714 0.8305084732142857 0.44279661160714284 0.8305084732142857 0.4809322053571429 0.8627118660714286 0.5254237276785714 0.9101694910714285 0.5254237276785714 0.9440677946428571 0.4915254241071429 0.9677966116071428 0.5254237276785714 1 0.527542375 1 0.39194915178571427
2 0.8152542366071429 0 0.8135593214285715 0.01059321875 0.8627118660714286 0.07203389732142858 0.9 0.06355932142857143 0.9372881339285714 0.016949151785714284 0.9508474598214286 0.059322035714285716 0.9983050848214285 0.07203389732142858 0.9983050848214285 0 0.8152542366071429 0
2 0.9779661026785714 0.12288135714285715 0.9576271205357143 0.08474576339285714 0.9033898303571428 0.07203389732142858 0.8542372901785714 0.11228813392857143 0.847457625 0.16313559375 0.8864406785714286 0.22033898214285716 0.9305084732142858 0.22457627232142857 0.9694915267857143 0.1843220357142857 0.9779661026785714 0.12288135714285715
2 0.6542372901785714 0.44279661160714284 0.6644067812500001 0.5148305089285714 0.6966101696428572 0.5466101696428571 0.7372881339285715 0.5466101696428571 0.7745762723214286 0.5169491517857143 0.7932203392857142 0.49364406696428575 0.7932203392857142 0.43855932142857146 0.8322033883928571 0.43220338839285716 0.8644067812499999 0.3961864419642857 0.8830508482142857 0.27966101785714287 0.8593220357142857 0.24152542410714287 0.8186440669642857 0.2288135580357143 0.8016949151785714 0.2711864419642857 0.7610169508928571 0.28813559375 0.73559321875 0.3283898303571428 0.7423728794642858 0.375 0.6864406785714285 0.3940677946428571 0.6542372901785714 0.44279661160714284
2 0.6932203392857142 0.5466101696428571 0.6491525401785714 0.5042372901785714 0.6338983035714286 0.5190677946428571 0.6271186428571429 0.5614406785714285 0.6898305089285713 0.6144067812499999 0.7338983035714286 0.597457625 0.7406779642857143 0.5508474598214286 0.6932203392857142 0.5466101696428571
2 0.6423728794642857 0 0.6033898303571429 0.05296610267857143 0.6271186428571429 0.13771186607142857 0.6694915267857143 0.16949152678571427 0.7288135580357142 0.1080508482142857 0.73559321875 0.125 0.6915254241071428 0.1588983035714286 0.68813559375 0.2012711875 0.71186440625 0.26483050892857146 0.7406779642857143 0.28813559375 0.8101694910714287 0.25211864285714286 0.8101694910714287 0.1843220357142857 0.8288135580357142 0.17796610267857144 0.8440677946428572 0.1461864419642857 0.8491525401785714 0.08474576339285714 0.8220338973214286 0.038135593749999995 0.7830508482142857 0.027542375 0.7932203392857142 0.002118642857142857 0.7813559330357143 0 0.6423728794642857 0
2 0.5457627098214285 0.3707627098214286 0.5881355937499999 0.4406779642857143 0.6423728794642857 0.4449152544642857 0.6745762723214286 0.40466101785714287 0.6847457633928571 0.34533898214285713 0.6677966116071429 0.30720338839285716 0.6949152544642857 0.26483050892857146 0.6966101696428572 0.2330508482142857 0.6813559330357143 0.18855932142857143 0.6423728794642857 0.15254237499999998 0.6016949151785714 0.15677966071428573 0.5728813571428572 0.1843220357142857 0.5627118660714286 0.25211864285714286 0.5796610178571429 0.2860169508928571 0.5491525401785714 0.3241525401785714 0.5457627098214285 0.3707627098214286
2 0.5542372901785714 0.43220338839285716 0.5322033883928572 0.3707627098214286 0.5 0.347457625 0.452542375 0.36016949107142854 0.41355932142857144 0.4216101696428572 0.44406779464285717 0.5063559330357142 0.4932203392857143 0.5338983035714285 0.5457627098214285 0.49788135714285714 0.5542372901785714 0.43220338839285716
2 0.18983050892857142 0.5233050848214286 0.2050847455357143 0.5423728794642857 0.24406779464285713 0.5487288125 0.23728813392857143 0.6207627098214286 0.2762711875 0.6610169508928572 0.31355932142857146 0.6567796607142856 0.3423728794642857 0.6207627098214286 0.34406779464285714 0.5720338973214286 0.3067796607142857 0.5254237276785714 0.2576271205357143 0.5360169508928572 0.2813559330357143 0.5063559330357142 0.28813559375 0.44703389732142856 0.252542375 0.38559321875 0.2186440669642857 0.38135593303571425 0.21694915178571428 0.45550847321428567 0.18983050892857142 0.5233050848214286
2 0 0.3834745758928571 0.03220338839285714 0.36864406696428575 0.06440678125 0.3834745758928571 0.06949152678571428 0.4915254241071429 0.10847457589285714 0.48940678125 0.11864406696428571 0.4343220357142857 0.14067796428571427 0.42796610267857144 0.16949152678571427 0.3877118660714286 0.1711864419642857 0.347457625 0.14576270982142855 0.26483050892857146 0.1288135580357143 0.24788135714285714 0.15932203571428571 0.22245762500000002 0.1542372901785714 0.19915254017857142 0.08983050892857143 0.15677966071428573 0.04915254017857142 0.16949152678571427 0.028813558035714285 0.13983050892857143 0 0.15042372767857143 0 0.3834745758928571
2 0.0016949151785714287 0.12288135714285715 0.04237287946428571 0.11440678125 0.05593220535714286 0.06779661160714286 0.038983049107142856 0.021186441964285714 0 0.002118642857142857 0.0016949151785714287 0.12288135714285715
2 0.10677966071428571 0.11864406696428571 0.14745762499999998 0.12711864285714286 0.16101695089285714 0.16525423660714283 0.19491525446428573 0.16525423660714283 0.2050847455357143 0.18644067857142857 0.2932203392857143 0.20338983035714286 0.31525423660714286 0.1843220357142857 0.31355932142857146 0.1483050848214286 0.3050847455357143 0.09533898214285715 0.2762711875 0.07203389732142858 0.2186440669642857 0.05084745982142857 0.13389830357142857 0.06779661160714286 0.15084745982142858 0.021186441964285714 0.12372881250000001 0.02542372767857143 0.09830508482142856 0.07838983035714286 0.10677966071428571 0.11864406696428571
2 0.18135593303571426 0.3093220357142857 0.21525423660714285 0.37711864285714286 0.25593220535714284 0.37711864285714286 0.30169491517857144 0.3283898303571428 0.3067796607142857 0.25847457589285716 0.27288135714285716 0.19915254017857142 0.2050847455357143 0.1906779642857143 0.17288135714285713 0.21822033928571427 0.18135593303571426 0.24152542410714287 0.15932203571428571 0.2436440669642857 0.15254237499999998 0.29449152678571433 0.1711864419642857 0.34322033928571427 0.18135593303571426 0.3093220357142857
2 0.22203389732142859 0 0.22033898214285716 0.027542375 0.2423728794642857 0.059322035714285716 0.2932203392857143 0.06355932142857143 0.3254237276785714 0.027542375 0.3237288125 0 0.22203389732142859 0
2 0.2983050848214286 0.40466101785714287 0.3050847455357143 0.45550847321428567 0.35084745982142856 0.48305084821428573 0.3779661026785714 0.47033898214285713 0.4033898303571429 0.4300847455357143 0.3694915267857143 0.3961864419642857 0.41525423660714283 0.3940677946428571 0.44406779464285717 0.3622881339285714 0.4559322053571429 0.2838983035714286 0.4186440669642857 0.2330508482142857 0.3542372901785714 0.22457627232142857 0.3338983035714286 0.23728813392857143 0.31525423660714286 0.2690677946428571 0.30847457589285715 0.3241525401785714 0.3491525401785714 0.3877118660714286 0.31355932142857146 0.38559321875 0.2983050848214286 0.40466101785714287
2 0.5372881339285714 0.19491525446428573 0.5033898303571428 0.15254237499999998 0.46779661160714286 0.1588983035714286 0.5372881339285714 0.20762712053571428 0.5372881339285714 0.19491525446428573
2 0.42711864285714285 0.20974576339285717 0.4661016964285714 0.31779661160714284 0.5135593214285714 0.3008474598214286 0.53559321875 0.2690677946428571 0.5406779642857142 0.22457627232142857 0.4559322053571429 0.16949152678571427 0.42711864285714285 0.20974576339285717
2 0.5440677946428571 0.18644067857142857 0.5864406785714286 0.15042372767857143 0.5915254241071429 0.10593220535714286 0.5406779642857142 0.03389830357142857 0.5033898303571428 0.038135593749999995 0.46779661160714286 0.08686440625 0.46949152678571426 0.10593220535714286 0.5186440669642857 0.05296610267857143 0.5152542366071429 0.09533898214285715 0.48813559375 0.1419491517857143 0.5440677946428571 0.18644067857142857
2 0.43389830357142856 0.19279661160714287 0.43389830357142856 0.15042372767857143 0.45084745982142854 0.13771186607142857 0.4491525401785714 0.09745762499999999 0.39152542410714286 0.02542372767857143 0.33728813392857143 0.02542372767857143 0.31186440624999995 0.07415254017857142 0.32203389732142856 0.08686440625 0.32203389732142856 0.1843220357142857 0.36440678125 0.22033898214285716 0.4220338973214286 0.20762712053571428 0.43389830357142856 0.19279661160714287
2 0.6288135580357144 0 0.5254237276785714 0.006355933035714286 0.5711864419642857 0.05084745982142857 0.6016949151785714 0.05084745982142857 0.6288135580357144 0
2 0.4762711875 0.059322035714285716 0.5084745758928572 0.027542375 0.5135593214285714 0 0.4101694910714286 0.006355933035714286 0.4423728794642857 0.05508474553571429 0.4762711875 0.059322035714285716