2 0.057203388392857143 0 0.057203388392857143 0.02711864285714286 0 0.018644066964285715 0.002118642857142857 0.16610169642857145 0.048728812499999996 0.16610169642857145 0.09322033928571428 0.13389830357142857 0.09957627232142856 0.06101695089285714 0.1588983035714286 0.11186440625 0.20762712053571428 0.12033898214285714 0.17584745982142858 0.15593220535714286 0.13559321875 0.16440678125000002 0.2012711875 0.17288135714285713 0.25423729017857144 0.21186440625 0.26694915178571427 0.24576270982142856 0.2966101696428572 0.24915254017857144 0.34322033928571427 0.2254237276785714 0.35169491517857143 0.17796610267857144 0.30296610267857144 0.12542372767857143 0.25423729017857144 0.11016949107142858 0.28177966071428573 0.08474576339285714 0.35169491517857143 0.08305084821428572 0.3559322053571429 0.13050847321428571 0.3389830491071429 0.14406779464285716 0.3665254241071429 0.18983050892857142 0.4088983035714286 0.19999999999999998 0.41313559375 0.18644067857142857 0.46186440625 0.17457627232142858 0.44703389732142856 0.16271186607142857 0.41525423660714283 0.18135593303571426 0.4449152544642857 0.13389830357142857 0.4449152544642857 0.05593220535714286 0.46186440625 0.038983049107142856 0.41313559375 0 0.057203388392857143 0
2 0.1737288125 0.16440678125000002 0.17796610267857144 0.14406779464285716 0.15042372767857143 0.12203389732142857 0.10381355803571428 0.1288135580357143 0.06779661160714286 0.1576271205357143 0.06355932142857143 0.20169491517857144 0.07627118749999999 0.21525423660714285 0.057203388392857143 0.24406779464285713 0.040254236607142856 0.25423729017857144 0 0.23898304910714288 0.004237290178571429 0.347457625 0.031779660714285715 0.3423728794642857 0.03601695089285715 0.3254237276785714 0.05296610267857143 0.34576270982142854 0.09745762499999999 0.35084745982142856 0.21398304910714286 0.31186440624999995 0.25847457589285716 0.2627118660714286 0.25 0.20847457589285714 0.1737288125 0.16440678125000002
2 0.06779661160714286 0.35762712053571427 0.006355933035714286 0.3559322053571429 0.008474575892857142 0.38474576339285715 0.06779661160714286 0.35762712053571427
2 0 0.4796610178571429 0.059322035714285716 0.4898305089285714 0.12288135714285715 0.4559322053571429 0.048728812499999996 0.39999999999999997 0.006355933035714286 0.39999999999999997 0 0.4796610178571429
2 0.19703389732142856 0.5118644062500001 0.18644067857142857 0.4796610178571429 0.13771186607142857 0.4576271205357143 0.11864406696428571 0.46949152678571426 0.11864406696428571 0.4898305089285714 0.16101695089285714 0.5203389821428571 0.12711864285714286 0.5440677946428571 0.11440678125 0.5949152544642857 0.13771186607142857 0.6271186428571429 0.21186440625 0.652542375 0.2923728794642857 0.6152542366071428 0.2966101696428572 0.5677966116071429 0.26483050892857146 0.5288135580357143 0.19703389732142856 0.5118644062500001
2 0 0.9338983035714286 0.021186441964285714 0.9338983035714286 0.08050847321428571 0.9 0.08898304910714286 0.8762711875000001 0.059322035714285716 0.8016949151785714 0.038135593749999995 0.7983050848214285 0.04449152678571428 0.7830508482142857 0.059322035714285716 0.78813559375 0.06144067857142858 0.7694915267857143 0.08050847321428571 0.7711864419642858 0.07627118749999999 0.8186440669642857 0.13771186607142857 0.8610169508928571 0.21398304910714286 0.8542372901785714 0.24576270982142856 0.81186440625 0.18220338839285713 0.7406779642857143 0.20338983035714286 0.7101694910714286 0.19915254017857142 0.6661016964285714 0.12076270982142857 0.6203389821428571 0.01059321875 0.6101694910714286 0 0.7983050848214285 0.03389830357142857 0.8016949151785714 0 0.8050847455357143 0 0.9338983035714286
2 0.35169491517857143 0.6694915267857143 0.3834745758928571 0.6677966116071429 0.4110169508928571 0.6457627098214286 0.4110169508928571 0.5711864419642857 0.3940677946428571 0.5576271205357143 0.4406779642857143 0.5169491517857143 0.4449152544642857 0.46949152678571426 0.3834745758928571 0.4101694910714286 0.3326271205357143 0.41355932142857144 0.3241525401785714 0.3762711875 0.19279661160714287 0.37288135714285714 0.16525423660714283 0.3949152544642857 0.17796610267857144 0.4220338973214286 0.20974576339285717 0.4406779642857143 0.28813559375 0.4423728794642857 0.26694915178571427 0.4932203392857143 0.27542372767857143 0.5203389821428571 0.31355932142857146 0.5508474598214286 0.27966101785714287 0.6355932187500001 0.2923728794642857 0.6593220357142856 0.25211864285714286 0.6745762723214286 0.22033898214285716 0.7067796607142858 0.20762712053571428 0.7610169508928571 0.24788135714285714 0.8033898303571428 0.31779661160714284 0.8152542366071429 0.35805084821428573 0.7999999999999999 0.3940677946428571 0.7576271205357142 0.3940677946428571 0.7135593214285715 0.35169491517857143 0.6694915267857143
2 0.277542375 0.8711864419642856 0.23516949107142857 0.8508474598214286 0.1419491517857143 0.8610169508928571 0.09745762499999999 0.8491525401785714 0.08898304910714286 0.9 0.13983050892857143 0.9406779642857143 0.09957627232142856 1 0.36016949107142854 0.9983050848214285 0.3389830491071429 0.9372881339285714 0.28813559375 0.9305084732142858 0.2966101696428572 0.9 0.277542375 0.8711864419642856
2 0.5084745758928572 0.7983050848214285 0.4639830491071429 0.7627118660714285 0.4088983035714286 0.7830508482142857 0.39194915178571427 0.7762711875 0.33474576339285717 0.8186440669642857 0.33474576339285717 0.8661016964285714 0.35169491517857143 0.8694915267857143 0.3877118660714286 0.8508474598214286 0.472457625 0.8610169508928571 0.5084745758928572 0.8254237276785714 0.5084745758928572 0.7983050848214285
2 0.3877118660714286 0.8576271205357143 0.35169491517857143 0.8762711875000001 0.3389830491071429 0.9271186428571428 0.3834745758928571 0.9661016964285715 0.43220338839285716 0.9711864419642857 0.47457627232142857 0.9372881339285714 0.47033898214285713 0.8966101696428571 0.44703389732142856 0.8677966116071428 0.3877118660714286 0.8576271205357143
2 0.6080508482142858 1 0.6122881339285715 0.9830508482142858 0.6377118660714285 1 0.7012711875 0.9898305089285715 0.7012711875 1 0.8389830491071428 0.9983050848214285 0.7902542366071429 0.9593220357142858 0.7521186428571429 0.9593220357142858 0.7097457633928571 0.9830508482142858 0.7288135580357142 0.9406779642857143 0.7161016964285715 0.9 0.6673728794642857 0.8813559330357144 0.625 0.8983050848214286 0.6271186428571429 0.8762711875000001 0.5572033883928571 0.8305084732142857 0.5190677946428571 0.8305084732142857 0.47457627232142857 0.8627118660714286 0.47457627232142857 0.9101694910714285 0.5084745758928572 0.9440677946428571 0.47457627232142857 0.9677966116071428 0.472457625 1 0.6080508482142858 1
2 1 0.8152542366071429 0.9894067812499999 0.8135593214285715 0.9279661026785714 0.8627118660714286 0.9364406785714285 0.9 0.9830508482142858 0.9372881339285714 0.9406779642857143 0.9508474598214286 0.9279661026785714 0.9983050848214285 1 0.9983050848214285 1 0.8152542366071429
2 0.83686440625 0.847457625 0.7796610178571429 0.8864406785714286 0.7754237276785715 0.9305084732142858 0.8156779642857143 0.9694915267857143 0.8771186428571429 0.9779661026785714 0.9152542366071429 0.9576271205357143 0.9279661026785714 0.9033898303571428 0.8877118660714285 0.8542372901785714 0.83686440625 0.847457625
2 0.71186440625 0.7610169508928571 0.6716101696428571 0.73559321875 0.625 0.7423728794642858 0.6059322053571429 0.6864406785714285 0.5572033883928571 0.6542372901785714 0.48516949107142854 0.6644067812500001 0.4533898303571428 0.6966101696428572 0.4533898303571428 0.7372881339285715 0.48305084821428573 0.7745762723214286 0.5063559330357142 0.7932203392857142 0.5614406785714285 0.7932203392857142 0.5677966116071429 0.8322033883928571 0.6038135580357142 0.8644067812499999 0.7203389821428571 0.8830508482142857 0.7584745758928572 0.8593220357142857 0.7711864419642858 0.8186440669642857 0.7288135580357142 0.8016949151785714 0.71186440625 0.7610169508928571
2 0.43855932142857146 0.6271186428571429 0.38559321875 0.6898305089285713 0.402542375 0.7338983035714286 0.4491525401785714 0.7406779642857143 0.4533898303571428 0.6932203392857142 0.4957627098214286 0.6491525401785714 0.4809322053571429 0.6338983035714286 0.43855932142857146 0.6271186428571429
2 1 0.6423728794642857 0.9470338973214286 0.6033898303571429 0.8622881339285715 0.6271186428571429 0.8305084732142857 0.6694915267857143 0.8919491517857142 0.7288135580357142 0.875 0.73559321875 0.8411016964285715 0.6915254241071428 0.7987288125 0.68813559375 0.7351694910714286 0.71186440625 0.71186440625 0.7406779642857143 0.7478813571428571 0.8101694910714287 0.8156779642857143 0.8101694910714287 0.8220338973214286 0.8288135580357142 0.8538135580357142 0.8440677946428572 0.9152542366071429 0.8491525401785714 0.96186440625 0.8220338973214286 0.972457625 0.7830508482142857 0.9978813571428571 0.7932203392857142 1 0.7813559330357143 1 0.6423728794642857
2 0.8156779642857143 0.5728813571428572 0.7478813571428571 0.5627118660714286 0.7139830491071428 0.5796610178571429 0.6758474598214285 0.5491525401785714 0.6292372901785714 0.5457627098214285 0.5593220357142857 0.5881355937499999 0.5550847455357143 0.6423728794642857 0.5953389821428571 0.6745762723214286 0.6546610178571429 0.6847457633928571 0.6927966116071429 0.6677966116071429 0.7351694910714286 0.6949152544642857 0.7669491517857142 0.6966101696428572 0.8114406785714285 0.6813559330357143 0.847457625 0.6423728794642857 0.8432203392857144 0.6016949151785714 0.8156779642857143 0.5728813571428572
2 0.5783898303571429 0.41355932142857144 0.49364406696428575 0.44406779464285717 0.4661016964285714 0.4932203392857143 0.5021186428571428 0.5457627098214285 0.5677966116071429 0.5542372901785714 0.6292372901785714 0.5322033883928572 0.652542375 0.5 0.6398305089285714 0.452542375 0.5783898303571429 0.41355932142857144
2 0.5529661026785714 0.28813559375 0.6144067812499999 0.252542375 0.6186440669642856 0.2186440669642857 0.5444915267857143 0.21694915178571428 0.47669491517857143 0.18983050892857142 0.4576271205357143 0.2050847455357143 0.4512711875 0.24406779464285713 0.3792372901785714 0.23728813392857143 0.3389830491071429 0.2762711875 0.34322033928571427 0.31355932142857146 0.3792372901785714 0.3423728794642857 0.42796610267857144 0.34406779464285714 0.47457627232142857 0.3067796607142857 0.4639830491071429 0.2576271205357143 0.49364406696428575 0.2813559330357143 0.5529661026785714 0.28813559375
2 0.6165254241071428 0 0.6313559330357144 0.03220338839285714 0.6165254241071428 0.06440678125 0.5084745758928572 0.06949152678571428 0.5105932187500001 0.10847457589285714 0.5656779642857143 0.11864406696428571 0.5720338973214286 0.14067796428571427 0.6122881339285715 0.16949152678571427 0.652542375 0.1711864419642857 0.7351694910714286 0.14576270982142855 0.7521186428571429 0.1288135580357143 0.777542375 0.15932203571428571 0.8008474598214285 0.1542372901785714 0.8432203392857144 0.08983050892857143 0.8305084732142857 0.04915254017857142 0.8601694910714286 0.028813558035714285 0.8495762723214285 0 0.6165254241071428 0
2 0.8855932187500001 0.04237287946428571 0.9322033883928571 0.05593220535714286 0.9788135580357142 0.038983049107142856 0.9978813571428571 0 0.8771186428571429 0.0016949151785714287 0.8855932187500001 0.04237287946428571
2 0.9322033883928571 0.13389830357142857 0.9788135580357142 0.15084745982142858 0.9745762723214285 0.12372881250000001 0.9216101696428571 0.09830508482142856 0.8813559330357144 0.10677966071428571 0.8728813571428571 0.14745762499999998 0.8347457633928571 0.16101695089285714 0.8347457633928571 0.19491525446428573 0.8135593214285715 0.2050847455357143 0.7966101696428571 0.2932203392857143 0.8156779642857143 0.31525423660714286 0.8516949151785714 0.31355932142857146 0.9046610178571429 0.3050847455357143 0.9279661026785714 0.2762711875 0.9491525401785715 0.2186440669642857 0.9322033883928571 0.13389830357142857
2 0.7584745758928572 0.18135593303571426 0.7563559330357144 0.15932203571428571 0.7055084732142857 0.15254237499999998 0.6567796607142856 0.1711864419642857 0.6906779642857143 0.18135593303571426 0.6228813571428571 0.21525423660714285 0.6228813571428571 0.25593220535714284 0.6716101696428571 0.30169491517857144 0.7415254241071428 0.3067796607142857 0.8008474598214285 0.27288135714285716 0.8093220357142857 0.2050847455357143 0.7817796607142856 0.17288135714285713 0.7584745758928572 0.18135593303571426
2 1 0.22203389732142859 0.972457625 0.22033898214285716 0.9406779642857143 0.2423728794642857 0.9364406785714285 0.2932203392857143 0.972457625 0.3254237276785714 1 0.3237288125 1 0.22203389732142859
2 0.7309322053571429 0.31525423660714286 0.6758474598214285 0.30847457589285715 0.6122881339285715 0.3491525401785714 0.6144067812499999 0.31355932142857146 0.5953389821428571 0.2983050848214286 0.5444915267857143 0.3050847455357143 0.5169491517857143 0.35084745982142856 0.5296610178571429 0.3779661026785714 0.5699152544642857 0.4033898303571429 0.6038135580357142 0.3694915267857143 0.6059322053571429 0.41525423660714283 0.6377118660714285 0.44406779464285717 0.7161016964285715 0.4559322053571429 0.7669491517857142 0.4186440669642857 0.7754237276785715 0.3542372901785714 0.7627118660714285 0.3338983035714286 0.7309322053571429 0.31525423660714286
2 0.8050847455357143 0.5372881339285714 0.847457625 0.5033898303571428 0.8411016964285715 0.46779661160714286 0.7923728794642857 0.5372881339285714 0.8050847455357143 0.5372881339285714
2 0.6991525401785715 0.5135593214285714 0.7309322053571429 0.53559321875 0.7754237276785715 0.5406779642857142 0.8305084732142857 0.4559322053571429 0.7902542366071429 0.42711864285714285 0.6822033883928571 0.4661016964285714 0.6991525401785715 0.5135593214285714
2 0.8940677946428571 0.46949152678571426 0.9470338973214286 0.5186440669642857 0.9046610178571429 0.5152542366071429 0.8580508482142858 0.48813559375 0.8135593214285715 0.5440677946428571 0.8495762723214285 0.5864406785714286 0.8940677946428571 0.5915254241071429 0.9661016964285715 0.5406779642857142 0.96186440625 0.5033898303571428 0.91313559375 0.46779661160714286 0.8940677946428571 0.46949152678571426
2 0.91313559375 0.32203389732142856 0.8156779642857143 0.32203389732142856 0.7796610178571429 0.36440678125 0.7923728794642857 0.4220338973214286 0.8072033883928571 0.43389830357142856 0.8495762723214285 0.43389830357142856 0.8622881339285715 0.45084745982142854 0.902542375 0.4491525401785714 0.9745762723214285 0.39152542410714286 0.9745762723214285 0.33728813392857143 0.9258474598214285 0.31186440624999995 0.91313559375 0.32203389732142856
2 1 0.6288135580357144 0.9936440669642856 0.5254237276785714 0.9491525401785715 0.5711864419642857 0.9491525401785715 0.6016949151785714 1 0.6288135580357144
2 0.972457625 0.5084745758928572 1 0.5135593214285714 0.9936440669642856 0.4101694910714286 0.9449152544642857 0.4423728794642857 0.9406779642857143 0.4762711875 0.972457625 0.5084745758928572