5 0.35805084821428573 0.29768786160714283 0.32203389732142856 0.3193641607142857 0.32203389732142856 0.35404624107142857 0.34957627232142857 0.37572254464285715 0.402542375 0.3771676294642857 0.43220338839285716 0.3598265892857143 0.4406779642857143 0.32514450892857144 0.40042372767857143 0.29768786160714283 0.35805084821428573 0.29768786160714283
5 0.4809322053571429 0.15606936607142857 0.4406779642857143 0.1806358392857143 0.4406779642857143 0.21242774553571428 0.46822033928571427 0.23410404464285714 0.5211864419642857 0.2355491339285714 0.5508474598214286 0.22109826785714287 0.5593220357142857 0.18352601339285715 0.5360169508928572 0.16184970982142857 0.4809322053571429 0.15606936607142857
5 0.48516949107142854 0.43641618303571433 0.4449152544642857 0.4552023125 0.43644067857142854 0.48410404464285717 0.46822033928571427 0.5144508660714285 0.5084745758928572 0.518786125 0.5508474598214286 0.5014450848214286 0.5593220357142857 0.4638728303571429 0.5402542366071429 0.44508670535714284 0.48516949107142854 0.43641618303571433
5 0.23940678125 0.15606936607142857 0.20338983035714286 0.17774566517857143 0.20338983035714286 0.21242774553571428 0.23940678125 0.23699421875 0.2838983035714286 0.2355491339285714 0.3093220357142857 0.2239884375 0.32203389732142856 0.18352601339285715 0.29449152678571433 0.1589595357142857 0.23940678125 0.15606936607142857
5 0.15042372767857143 0.014450866071428573 0.1080508482142857 0.020231214285714286 0.08050847321428571 0.0447976875 0.09322033928571428 0.08236994196428571 0.14406779464285716 0.09682080803571429 0.1843220357142857 0.08670520089285715 0.20338983035714286 0.06791907589285714 0.19915254017857142 0.036127169642857136 0.15042372767857143 0.014450866071428573
5 0.3707627098214286 0.014450866071428573 0.3262711875 0.033236995535714284 0.31779661160714284 0.062138727678571426 0.3411016964285714 0.089595375 0.38559321875 0.09682080803571429 0.42796610267857144 0.08236994196428571 0.4406779642857143 0.04190751339285714 0.41313559375 0.020231214285714286 0.3707627098214286 0.014450866071428573
5 0.6122881339285715 0.014450866071428573 0.5677966116071429 0.030346821428571428 0.5550847455357143 0.062138727678571426 0.58686440625 0.09248554910714286 0.6271186428571429 0.09682080803571429 0.6694915267857143 0.07947976785714285 0.6779661026785714 0.04190751339285714 0.6588983035714285 0.023121388392857146 0.6122881339285715 0.014450866071428573
5 0.8538135580357142 0.014450866071428573 0.8050847455357143 0.030346821428571428 0.7923728794642857 0.05924855357142857 0.8156779642857143 0.089595375 0.8644067812499999 0.09682080803571429 0.9110169508928572 0.07658959374999999 0.9194915267857143 0.053468209821428574 0.8877118660714285 0.020231214285714286 0.8538135580357142 0.014450866071428573
5 0.9152542366071429 0.21242774553571428 0.9385593214285715 0.23121387499999999 0.9788135580357142 0.2355491339285714 0.9788135580357142 0.160404625 0.9555084732142857 0.15606936607142857 0.9152542366071429 0.1806358392857143 0.9152542366071429 0.21242774553571428
5 0.7182203392857144 0.15606936607142857 0.6779661026785714 0.1806358392857143 0.6779661026785714 0.21242774553571428 0.7055084732142857 0.23410404464285714 0.7584745758928572 0.2355491339285714 0.7966101696428571 0.20953757142857143 0.7923728794642857 0.1748554910714286 0.7563559330357144 0.15606936607142857 0.7182203392857144 0.15606936607142857
5 0.027542375 0.15606936607142857 0.02542372767857143 0.2355491339285714 0.04237287946428571 0.2355491339285714 0.07627118749999999 0.21820809375 0.08474576339285714 0.18641618303571428 0.06144067857142858 0.16184970982142857 0.027542375 0.15606936607142857
5 0.13347457589285713 0.2947976875 0.08898304910714286 0.31358381696428567 0.08050847321428571 0.3482658973214286 0.11228813392857143 0.37572254464285715 0.16101695089285714 0.3771676294642857 0.19491525446428573 0.3598265892857143 0.20338983035714286 0.3280346830357143 0.18008474553571427 0.3034682098214286 0.13347457589285713 0.2947976875
5 0.5953389821428571 0.29768786160714283 0.5593220357142857 0.32225433482142857 0.5635593214285715 0.3598265892857143 0.5911016964285715 0.37572254464285715 0.6355932187500001 0.3771676294642857 0.6779661026785714 0.3511560714285714 0.6779661026785714 0.32225433482142857 0.6419491517857142 0.29768786160714283 0.5953389821428571 0.29768786160714283
5 0.8453389821428571 0.2947976875 0.8008474598214285 0.3164739866071429 0.7923728794642857 0.339595375 0.8199152544642857 0.3728323705357143 0.8728813571428571 0.3771676294642857 0.9110169508928572 0.3569364151785714 0.9152542366071429 0.32225433482142857 0.8961864419642858 0.3034682098214286 0.8453389821428571 0.2947976875
5 0.722457625 0.43641618303571433 0.6864406785714285 0.45231213839285717 0.6779661026785714 0.4927745669642857 0.6970338973214286 0.5115606919642858 0.75 0.518786125 0.78813559375 0.5014450848214286 0.8008474598214285 0.4754335267857143 0.7733050848214286 0.44219653125 0.722457625 0.43641618303571433
5 0.9152542366071429 0.48988439285714286 0.9385593214285715 0.5115606919642858 0.9745762723214285 0.518786125 0.9788135580357142 0.44075144642857145 0.9555084732142857 0.43641618303571433 0.9237288125 0.45231213839285717 0.9152542366071429 0.48988439285714286
5 0.2436440669642857 0.43641618303571433 0.20762712053571428 0.4552023125 0.19915254017857142 0.48699421875 0.22245762500000002 0.5115606919642858 0.27542372767857143 0.518786125 0.31355932142857146 0.5014450848214286 0.32203389732142856 0.4667630044642857 0.29025423660714283 0.43930635714285715 0.2436440669642857 0.43641618303571433
5 0.027542375 0.43641618303571433 0.02542372767857143 0.5158959553571428 0.04661016964285714 0.5158959553571428 0.07627118749999999 0.4985549151785714 0.08474576339285714 0.4667630044642857 0.06567796428571429 0.44508670535714284 0.027542375 0.43641618303571433
5 0.11228813392857143 0.5809248571428572 0.08050847321428571 0.6083815044642857 0.08050847321428571 0.62861271875 0.11228813392857143 0.6560693660714286 0.16101695089285714 0.6575144508928572 0.19915254017857142 0.6372832366071428 0.20338983035714286 0.6026011562500001 0.16313559375 0.5780346830357143 0.11228813392857143 0.5809248571428572
5 0.3622881339285714 0.5780346830357143 0.3262711875 0.5968208080357142 0.32203389732142856 0.6315028883928572 0.3622881339285714 0.6589595357142857 0.402542375 0.6575144508928572 0.4406779642857143 0.6315028883928572 0.4406779642857143 0.6026011562500001 0.40042372767857143 0.5780346830357143 0.3622881339285714 0.5780346830357143
5 0.5995762723214285 0.5780346830357143 0.5593220357142857 0.6054913303571429 0.5635593214285715 0.6401734107142857 0.5995762723214285 0.6589595357142857 0.6398305089285714 0.6575144508928572 0.6822033883928571 0.62861271875 0.6779661026785714 0.5997109821428571 0.6377118660714285 0.5780346830357143 0.5995762723214285 0.5780346830357143
5 0.8283898303571429 0.5809248571428572 0.8008474598214285 0.5997109821428571 0.8008474598214285 0.6372832366071428 0.8283898303571429 0.6560693660714286 0.8771186428571429 0.6575144508928572 0.9194915267857143 0.62861271875 0.9152542366071429 0.5997109821428571 0.8792372901785714 0.5780346830357143 0.8283898303571429 0.5809248571428572
5 0.9152542366071429 0.7702312142857143 0.9427966116071429 0.7947976875 0.9788135580357142 0.7991329464285714 0.9830508482142858 0.7268786116071428 0.9682203392857144 0.7167630044642858 0.9237288125 0.7355491339285714 0.9152542366071429 0.7702312142857143
5 0.7139830491071428 0.7196531785714286 0.6822033883928571 0.7384393080357142 0.6779661026785714 0.7731213883928572 0.7097457633928571 0.7976878616071429 0.7584745758928572 0.7991329464285714 0.7966101696428571 0.7760115625 0.7966101696428571 0.7413294776785715 0.7648305089285714 0.7196531785714286 0.7139830491071428 0.7196531785714286
5 0.47669491517857143 0.7196531785714286 0.4449152544642857 0.7384393080357142 0.4406779642857143 0.7731213883928572 0.472457625 0.7976878616071429 0.5169491517857143 0.7991329464285714 0.5508474598214286 0.7846820803571429 0.5593220357142857 0.7442196517857144 0.5233050848214286 0.7196531785714286 0.47669491517857143 0.7196531785714286
5 0.23940678125 0.7196531785714286 0.20338983035714286 0.7413294776785715 0.20338983035714286 0.7760115625 0.23516949107142857 0.7976878616071429 0.27966101785714287 0.7991329464285714 0.31779661160714284 0.7789017321428571 0.32203389732142856 0.7413294776785715 0.2860169508928571 0.7196531785714286 0.23940678125 0.7196531785714286
5 0.027542375 0.7196531785714286 0.02542372767857143 0.7991329464285714 0.04237287946428571 0.7991329464285714 0.07627118749999999 0.78179190625 0.08474576339285714 0.7471098258928571 0.057203388392857143 0.7225433526785715 0.027542375 0.7196531785714286
5 0.1292372901785714 0.8583815044642857 0.09322033928571428 0.874277455357143 0.08050847321428571 0.9118497098214285 0.09957627232142856 0.9335260133928571 0.16101695089285714 0.9407514464285713 0.19491525446428573 0.92341040625 0.20338983035714286 0.8858381517857143 0.17584745982142858 0.8641618482142857 0.1292372901785714 0.8583815044642857
5 0.3665254241071429 0.8583815044642857 0.33050847321428567 0.874277455357143 0.31779661160714284 0.9089595357142857 0.3538135580357143 0.9393063571428572 0.39830508482142857 0.9407514464285713 0.43644067857142854 0.920520232142857 0.4406779642857143 0.8858381517857143 0.4088983035714286 0.8612716741071429 0.3665254241071429 0.8583815044642857
5 0.6080508482142858 0.8583815044642857 0.5635593214285715 0.8800578035714286 0.5593220357142857 0.9147398839285714 0.5783898303571429 0.9335260133928571 0.6355932187500001 0.9407514464285713 0.6694915267857143 0.9263005758928572 0.6822033883928571 0.8945086696428571 0.6588983035714285 0.8670520223214285 0.6080508482142858 0.8583815044642857
5 0.8453389821428571 0.8583815044642857 0.8050847455357143 0.8771676294642857 0.7966101696428571 0.9118497098214285 0.8326271205357143 0.9393063571428572 0.8686440669642856 0.9407514464285713 0.9067796607142856 0.9263005758928572 0.9194915267857143 0.8916184955357143 0.8919491517857142 0.8641618482142857 0.8453389821428571 0.8583815044642857