2 0.3279918794642857 0.13769434375 0.2501933214285714 0.08264004464285714 0.2380372857142857 0.024347308035714284 0.10432088392857143 0 0.00707259375 0.003297165178571429 0.006994004464285714 0.20596375892857144 0.12620178571428572 0.2656144330357143 0.17968827678571428 0.16845988392857142 0.19670683928571428 0.30285699553571427 0.2963862991071428 0.36924597321428576 0.34987278125000004 0.27694914285714284 0.22345008035714287 0.2121794419642857 0.3571664821428571 0.26075671875 0.2696430535714286 0.21056022321428572 0.25748701785714284 0.16522141517857142 0.3547353125 0.22999108482142858 0.3279918794642857 0.13769434375
2 0.14078899553571428 0.4712582410714286 0.1578073705357143 0.47287745982142854 0.14322016517857142 0.4129655357142857 0.045971875 0.3643882589285714 0.2696430535714286 0.46640052232142853 0.2647805267857143 0.3724844732142857 0.006993620535714285 0.2069547455357143 0.006914053571428572 0.41213482589285716 0.014366290178571429 0.39029611607142856 0.14078899553571428 0.4712582410714286
2 0.009503767857142856 0.5506011473214286 0.17239476785714286 0.5667935714285715 0.009503767857142856 0.4680197410714286 0.12863295535714286 0.49878537500000003 0.006904816964285714 0.43596004910714287 0.006686870535714286 0.99797653125 0.1651010669642857 0.8436840714285714 0.0751464732142857 0.8129184419642856 0.20643151785714284 0.7902490223214286 0.26721169642857145 0.7141447366071428 0.08243998214285715 0.7287177544642857 0.033815839285714286 0.6963329687500001 0.019228629464285715 0.6477556919642857 0.21129404464285714 0.6396594821428572 0.03867836607142857 0.6121323482142857 0.20400034821428573 0.6105130669642858 0.14078899553571428 0.5748897857142857 0.009503767857142856 0.5506011473214286
2 0.6497084598214286 0.8631149330357143 0.7510219821428572 0.9133114241071428 0.5686814375 0.8744495803571429 0.5595365178571429 0.9901732008928572 0.9552436160714286 0.9910351116071429 0.7996461294642857 0.7335755357142857 0.7096915357142857 0.7044291830357142 0.6683608973214286 0.7206215446428572 0.7583156830357144 0.7902490223214286 0.6829482946428571 0.7513871785714287 0.6829482946428571 0.8631149330357143 0.6497084598214286 0.8631149330357143
2 0.3936345892857143 0.23808729910714285 0.38390972321428574 0.29799928125 0.43982756696428577 0.30123778124999995 0.45198359821428574 0.15712520535714286 0.3936345892857143 0.23808729910714285
2 0.3523039553571429 0.4145847544642857 0.4276715267857143 0.5425049330357143 0.46657080803571427 0.5182162991071428 0.44468990625 0.3481958348214286 0.43221878571428574 0.3322541517857143 0.38147855357142857 0.32552641517857145 0.3523039553571429 0.4145847544642857
2 0.36534949107142856 0.01254553125 0.36689134375 0.10369018303571428 0.8239582053571429 0.14417124553571428 0.8920320803571429 0.004916383928571429 0.36534949107142856 0.01254553125
2 0.5419381964285714 0.26885292857142856 0.47173246875 0.30797248214285716 0.4957452232142857 0.42430018303571426 0.5419381964285714 0.26885292857142856
2 0.6510637723214286 0.14811817410714287 0.5589565758928571 0.31419170535714286 0.5540942321428571 0.41620397321428576 0.5346445 0.42915795982142857 0.5103324241071429 0.5846053392857142 0.6051495491071428 0.5425049330357143 0.6610673883928572 0.40810775892857143 0.8069398258928572 0.28180685714285714 0.6510637723214286 0.14811817410714287
2 0.9819866785714285 0.9278846339285715 0.9732522276785714 0.78348846875 0.82152721875 0.74167175 0.9819866785714285 0.9278846339285715
2 1 0.7594833883928571 0.9854102767857142 0.6054229062500001 0.7267099107142857 0.6752827678571428 1 0.7594833883928571
2 0.9382248660714286 0.4129655357142857 0.8607902187500001 0.4111695714285714 0.6707922544642857 0.5554588616071429 0.7072603660714286 0.6315632678571428 0.7242787410714285 0.5829859955357143 0.7680405446428571 0.6056553526785714 0.7607468526785715 0.61860928125 0.9965740669642857 0.6024168571428571 0.9941427098214285 0.4631620267857143 0.9382248660714286 0.4129655357142857
2 0.7947837857142857 0.3320034107142857 0.6780857678571428 0.4469696026785714 0.6683608973214286 0.49878537500000003 0.7364347767857142 0.45344659821428573 0.7947837857142857 0.3320034107142857
2 0.8516716785714286 0.2938081741071428 0.7923524330357142 0.42591945982142854 0.8458392901785714 0.38219990178571434 0.8604263124999999 0.3109532098214286 0.8516716785714286 0.2938081741071428
2 1 0.25913749999999997 0.8699087589285714 0.26952650892857144 0.8604263124999999 0.37896140625 0.9430875848214286 0.40163082589285715 1 0.35791126785714283 1 0.25913749999999997