2 0.86230565625 0.3279918794642857 0.9173599553571429 0.2501933214285714 0.9756526919642857 0.2380372857142857 1 0.10432088392857143 0.9967028348214286 0.00707259375 0.7940362410714286 0.006994004464285714 0.7343855669642857 0.12620178571428572 0.8315401160714285 0.17968827678571428 0.6971430044642857 0.19670683928571428 0.6307540267857144 0.2963862991071428 0.7230508571428571 0.34987278125000004 0.7878205580357143 0.22345008035714287 0.73924328125 0.3571664821428571 0.7894397767857143 0.2696430535714286 0.8347785848214285 0.25748701785714284 0.7700089151785715 0.3547353125 0.86230565625 0.3279918794642857
2 0.5287417589285714 0.14078899553571428 0.5271225401785714 0.1578073705357143 0.5870344642857143 0.14322016517857142 0.6356117410714285 0.045971875 0.5335994776785714 0.2696430535714286 0.6275155267857143 0.2647805267857143 0.7930452544642856 0.006993620535714285 0.5878651741071429 0.006914053571428572 0.6097038839285714 0.014366290178571429 0.5287417589285714 0.14078899553571428
2 0.4493988526785714 0.009503767857142856 0.4332064285714286 0.17239476785714286 0.5319802589285715 0.009503767857142856 0.501214625 0.12863295535714286 0.5640399508928572 0.006904816964285714 0.00202346875 0.006686870535714286 0.15631592857142856 0.1651010669642857 0.1870815580357143 0.0751464732142857 0.20975097767857145 0.20643151785714284 0.2858552633928571 0.26721169642857145 0.2712822455357143 0.08243998214285715 0.30366703125 0.033815839285714286 0.3522443080357143 0.019228629464285715 0.36034051785714283 0.21129404464285714 0.3878676517857143 0.03867836607142857 0.3894869330357143 0.20400034821428573 0.42511021428571427 0.14078899553571428 0.4493988526785714 0.009503767857142856
2 0.1368850669642857 0.6497084598214286 0.08668857589285714 0.7510219821428572 0.12555041964285715 0.5686814375 0.009826799107142858 0.5595365178571429 0.008964888392857142 0.9552436160714286 0.26642446428571426 0.7996461294642857 0.2955708169642857 0.7096915357142857 0.27937845535714284 0.6683608973214286 0.20975097767857145 0.7583156830357144 0.24861282142857144 0.6829482946428571 0.1368850669642857 0.6829482946428571 0.1368850669642857 0.6497084598214286
2 0.7619127008928571 0.3936345892857143 0.70200071875 0.38390972321428574 0.69876221875 0.43982756696428577 0.8428747946428572 0.45198359821428574 0.7619127008928571 0.3936345892857143
2 0.5854152455357143 0.3523039553571429 0.4574950669642857 0.4276715267857143 0.48178370089285716 0.46657080803571427 0.6518041651785714 0.44468990625 0.6677458482142857 0.43221878571428574 0.6744735848214286 0.38147855357142857 0.5854152455357143 0.3523039553571429
2 0.98745446875 0.36534949107142856 0.8963098169642858 0.36689134375 0.8558287544642857 0.8239582053571429 0.9950836160714286 0.8920320803571429 0.98745446875 0.36534949107142856
2 0.7311470714285714 0.5419381964285714 0.6920275178571428 0.47173246875 0.5756998169642857 0.4957452232142857 0.7311470714285714 0.5419381964285714
2 0.8518818258928571 0.6510637723214286 0.6858082946428572 0.5589565758928571 0.5837960267857143 0.5540942321428571 0.5708420401785714 0.5346445 0.4153946607142857 0.5103324241071429 0.4574950669642857 0.6051495491071428 0.5918922410714286 0.6610673883928572 0.7181931428571428 0.8069398258928572 0.8518818258928571 0.6510637723214286
2 0.07211536607142857 0.9819866785714285 0.21651153125000003 0.9732522276785714 0.25832825 0.82152721875 0.07211536607142857 0.9819866785714285
2 0.24051661160714286 1 0.39457709375 0.9854102767857142 0.32471723214285714 0.7267099107142857 0.24051661160714286 1
2 0.5870344642857143 0.9382248660714286 0.5888304285714286 0.8607902187500001 0.44454113839285714 0.6707922544642857 0.3684367321428571 0.7072603660714286 0.4170140044642857 0.7242787410714285 0.3943446473214286 0.7680405446428571 0.38139071875 0.7607468526785715 0.39758314285714286 0.9965740669642857 0.5368379732142857 0.9941427098214285 0.5870344642857143 0.9382248660714286
2 0.6679965892857143 0.7947837857142857 0.5530303973214286 0.6780857678571428 0.501214625 0.6683608973214286 0.5465534017857142 0.7364347767857142 0.6679965892857143 0.7947837857142857
2 0.7061918258928571 0.8516716785714286 0.5740805401785715 0.7923524330357142 0.6178000982142857 0.8458392901785714 0.6890467901785715 0.8604263124999999 0.7061918258928571 0.8516716785714286
2 0.7408625000000001 1 0.7304734910714286 0.8699087589285714 0.6210385937499999 0.8604263124999999 0.5983691741071429 0.9430875848214286 0.6420887321428571 1 0.7408625000000001 1