4 0.002118642857142857 0 0.004237290178571429 0.1313559330357143 0.09533898214285715 0.06214689285714286 0.18267498214285713 0.03255375 0.16814104017857143 0 0.002118642857142857 0
4 1 0.6596045178571428 0.9955429553571429 0.6813129732142856 0.8851505357142857 0.7262620401785714 0.9449152544642857 0.7669491517857142 0.7033898303571429 0.8827683616071429 0.6906779642857143 0.9477401116071429 0.7055084732142857 1 1 0.9985875714285715 1 0.6596045178571428
4 1 0.004237290178571429 0.8453389821428571 0 0.8220338973214286 0.09745762499999999 0.7415254241071428 0.18785310714285713 0.7966101696428571 0.22175141071428572 0.8389830491071428 0.2697740133928571 0.8771186428571429 0.35169491517857143 0.8771186428571429 0.4420903973214286 0.845624 0.5041223258928571 0.9309088705357143 0.5198515044642857 0.9978246696428571 0.5181038125 1 0.6454802276785714 1 0.004237290178571429
4 1 0.5607344642857143 0.8283898303571429 0.5423728794642857 0.9322033883928571 0.6567796607142856 0.9491525401785715 0.6596045178571428 1 0.6483050848214286 1 0.5607344642857143
4 0.786580625 0.5714083125 0.7394067812499999 0.6073446339285714 0.6101694910714286 0.6596045178571428 0.847457625 0.6991525401785715 0.8797379285714285 0.6858819107142857 0.8771138169642858 0.6710264910714285 0.8246308169642856 0.6116051160714286 0.786580625 0.5714083125
4 0 0.7584745758928572 0.012711866071428572 0.7584745758928572 0.1483050848214286 0.6963276830357142 0.11652542410714285 0.6723163839285714 0.002118642857142857 0.6412429375 0 0.7584745758928572
4 0.30720338839285716 0.6807909598214286 0.19703389732142856 0.6497175133928571 0.18220338839285713 0.6341807901785714 0.22585322321428572 0.6031718392857143 0.1588983035714286 0.5564971741071428 0.12711864285714286 0.6765536741071428 0.19703389732142856 0.7457627098214286 0.24152542410714287 0.74435028125 0.34533898214285713 0.725988700892857 0.39194915178571427 0.7090395491071428 0.35897614285714285 0.7063398794642858 0.30720338839285716 0.6807909598214286
4 0.7978394017857143 0.004337705357142857 0.43855932142857146 0 0.38135593303571425 0.03531073660714286 0.19710161607142856 0.20115728125 0.28188314285714283 0.23180953571428572 0.3715094464285714 0.23987591071428574 0.43691227232142854 0.23987591071428574 0.4974705089285715 0.23180953571428572 0.6452325669642857 0.1914776875 0.7179024553571428 0.13823955803571428 0.7663490401785714 0.08500145982142858 0.7978394017857143 0.004337705357142857
4 0.2966101696428572 0.012711866071428572 0.3008474598214286 0.08898304910714286 0.31355932142857146 0.09745762499999999 0.4300847455357143 0 0.21186440625 0.0014124285714285714 0.22245762500000002 0.016949151785714284 0.2966101696428572 0.012711866071428572
4 0.16949152678571427 0.22175141071428572 0.3008474598214286 0.10593220535714286 0.284305625 0.04628286607142857 0.16076666964285713 0.08661480357142858 0.08366422767857143 0.11909627232142858 0.06260569196428571 0.14842114285714286 0.03963292410714286 0.1675460625 0.020488897321428574 0.3026955357142857 0.04154729464285715 0.3218204553571429 0.06452020982142857 0.3473203482142857 0.12960976785714287 0.39322014285714285 0.17746982142857143 0.41999501339285716 0.20810037499999998 0.43147008035714285 0.22532987499999999 0.4429449598214286 0.24064515178571427 0.4429449598214286 0.2463884151785714 0.4467699330357143 0.2578747991071429 0.4544198794642857 0.2712755535714286 0.4505950044642857 0.2770188214285714 0.4518698794642857 0.2808475669642857 0.4518698794642857 0.2923728794642857 0.4562146875 0.3008474598214286 0.28672316517857144 0.1843220357142857 0.2514124285714286 0.16949152678571427 0.22175141071428572
4 0.8236775669642856 0.4431976741071429 0.8236775669642856 0.37264371875 0.7898680089285713 0.28707836607142856 0.7199949553571429 0.23754044196428573 0.47033898214285713 0.402542375 0.21961354464285715 0.6098251205357144 0.33005796875 0.6398480758928571 0.45628045982142856 0.6443515089285714 0.6365981116071427 0.5948136428571429 0.692947375 0.5722964241071429 0.77634421875 0.5032435892857142 0.8236775669642856 0.4431976741071429
4 0.5081216830357143 0.3741448973214286 0.5329153258928572 0.279572625 0.4088983035714286 0.28813559375 0.3093220357142857 0.28954802232142857 0.2838983035714286 0.48446327678571427 0.23940678125 0.48587570535714286 0.13771186607142857 0.4548022589285714 0.19481973214285714 0.5047447723214286 0.19256579464285714 0.5182550669642857 0.23313733928571428 0.5182550669642857 0.29174054017857143 0.5167539419642857 0.33005796875 0.5152527589285715 0.4576271205357143 0.402542375 0.5081216830357143 0.3741448973214286
4 0 0.6370056517857143 0.07085135267857143 0.6563606785714285 0.09339105357142856 0.5903101517857143 0.08437530803571427 0.5332665446428572 0.039295897321428575 0.47322063392857144 0 0.45070341517857143 0 0.6370056517857143
4 0 0.9816384196428573 0.006355933035714286 1 0.08662924553571429 0.9535879419642858 0.14974032142857144 0.8920409017857143 0.15424836607142858 0.8199858169642857 0.14974032142857144 0.7779536339285714 0.14072457589285714 0.7614411428571428 0.14072457589285714 0.7644433348214286 0.12269274107142858 0.7389239285714285 0.12043880357142857 0.7344203794642857 0.10916895535714286 0.7194089017857143 0 0.7389239285714285 0 0.9816384196428573
4 0.5577091383928571 0.7314181875 0.5036138080357143 0.7224112098214286 0.3773914910714286 0.7524341651785714 0.2939944732142857 0.7989698392857143 0.23764520982142856 0.8665214330357143 0.23989914285714287 0.9085535044642857 0.2444071919642857 0.9685994196428572 0.2556770401785714 1 0.4237288125 0.9985875714285715 0.8912966874999999 0.7854593705357144 0.7785981562500001 0.7209100267857143 0.6433599196428571 0.7028962410714286 0.5577091383928571 0.7314181875
4 0.5734868660714286 0.9971212500000001 0.6027885491071429 0.9220638571428571 0.5937726339285714 0.9175603705357143 0.42796610267857144 0.9985875714285715 0.5734868660714286 0.9971212500000001
4 0.6523758348214285 0.24954966964285716 0.6546297723214286 0.2750691339285714 0.6101694910714286 0.30649717410714283 0.7584745758928572 0.21045197767857143 0.7478813571428571 0.18079095982142857 0.6433599196428571 0.23904159374999998 0.6523758348214285 0.24954966964285716
4 0.1843220357142857 0.9209039553571429 0.10593220535714286 0.9985875714285715 0.1906779642857143 0.9985875714285715 0.1843220357142857 0.9209039553571429