4 1 0.002118642857142857 0.8686440669642856 0.004237290178571429 0.9378531071428571 0.09533898214285715 0.9674462500000001 0.18267498214285713 1 0.16814104017857143 1 0.002118642857142857
4 0.34039548214285714 1 0.31868702678571426 0.9955429553571429 0.27373795982142857 0.8851505357142857 0.2330508482142857 0.9449152544642857 0.11723163839285713 0.7033898303571429 0.05225988839285715 0.6906779642857143 0 0.7055084732142857 0.0014124285714285714 1 0.34039548214285714 1
4 0.9957627098214286 1 1 0.8453389821428571 0.902542375 0.8220338973214286 0.8121468928571429 0.7415254241071428 0.7782485892857143 0.7966101696428571 0.7302259866071428 0.8389830491071428 0.6483050848214286 0.8771186428571429 0.5579096026785714 0.8771186428571429 0.49587767410714284 0.845624 0.4801484955357143 0.9309088705357143 0.48189618749999996 0.9978246696428571 0.35451977232142856 1 0.9957627098214286 1
4 0.4392655357142857 1 0.4576271205357143 0.8283898303571429 0.34322033928571427 0.9322033883928571 0.34039548214285714 0.9491525401785715 0.35169491517857143 1 0.4392655357142857 1
4 0.31411808928571433 0.8797379285714285 0.3289735089285714 0.8771138169642858 0.38839488392857147 0.8246308169642856 0.4285916875 0.786580625 0.3926553660714286 0.7394067812499999 0.34039548214285714 0.6101694910714286 0.3008474598214286 0.847457625 0.31411808928571433 0.8797379285714285
4 0.3587570625 0.002118642857142857 0.24152542410714287 0 0.24152542410714287 0.012711866071428572 0.3036723169642857 0.1483050848214286 0.32768361607142854 0.11652542410714285 0.3587570625 0.002118642857142857
4 0.44350282589285717 0.1588983035714286 0.32344632589285716 0.12711864285714286 0.25423729017857144 0.19703389732142856 0.25564971875000003 0.24152542410714287 0.2740112991071429 0.34533898214285713 0.2909604508928571 0.39194915178571427 0.2936601205357143 0.35897614285714285 0.31920904017857143 0.30720338839285716 0.3502824866071429 0.19703389732142856 0.3658192098214286 0.18220338839285713 0.3968281607142857 0.22585322321428572 0.44350282589285717 0.1588983035714286
4 0.7681904642857144 0.28188314285714283 0.7601240892857143 0.3715094464285714 0.7601240892857143 0.43691227232142854 0.7681904642857144 0.4974705089285715 0.8085223125000001 0.6452325669642857 0.8617604419642857 0.7179024553571428 0.9149985401785715 0.7663490401785714 0.9956622946428572 0.7978394017857143 1 0.43855932142857146 0.9646892633928571 0.38135593303571425 0.7988427187499999 0.19710161607142856 0.7681904642857144 0.28188314285714283
4 0.9985875714285715 0.21186440625 0.9830508482142858 0.22245762500000002 0.9872881339285715 0.2966101696428572 0.9110169508928572 0.3008474598214286 0.902542375 0.31355932142857146 1 0.4300847455357143 0.9985875714285715 0.21186440625
4 0.8809037276785715 0.08366422767857143 0.8515788571428571 0.06260569196428571 0.8324539375000001 0.03963292410714286 0.6973044642857144 0.020488897321428574 0.6781795446428571 0.04154729464285715 0.6526796517857143 0.06452020982142857 0.6067798571428572 0.12960976785714287 0.580004986607143 0.17746982142857143 0.5685299196428572 0.20810037499999998 0.5570550401785714 0.22532987499999999 0.5570550401785714 0.24064515178571427 0.5532300669642857 0.2463884151785714 0.5455801205357143 0.2578747991071429 0.5494049955357143 0.2712755535714286 0.5481301205357143 0.2770188214285714 0.5481301205357143 0.2808475669642857 0.5437853125000001 0.2923728794642857 0.7132768348214286 0.3008474598214286 0.7485875714285715 0.1843220357142857 0.7782485892857143 0.16949152678571427 0.8940677946428571 0.3008474598214286 0.9537171339285714 0.284305625 0.9133851964285714 0.16076666964285713 0.8809037276785715 0.08366422767857143
4 0.597457625 0.47033898214285713 0.39017487946428575 0.21961354464285715 0.36015192410714286 0.33005796875 0.35564849107142854 0.45628045982142856 0.4051863571428571 0.6365981116071427 0.4277035758928571 0.692947375 0.4967564107142857 0.77634421875 0.5568023258928572 0.8236775669642856 0.62735628125 0.8236775669642856 0.7129216339285714 0.7898680089285713 0.7624595580357143 0.7199949553571429 0.597457625 0.47033898214285713
4 0.5155367232142857 0.2838983035714286 0.5141242946428571 0.23940678125 0.5451977410714286 0.13771186607142857 0.49525522767857144 0.19481973214285714 0.4817449330357143 0.19256579464285714 0.4817449330357143 0.23313733928571428 0.4832460580357143 0.29174054017857143 0.4847472410714286 0.33005796875 0.597457625 0.4576271205357143 0.6258551026785714 0.5081216830357143 0.720427375 0.5329153258928572 0.71186440625 0.4088983035714286 0.7104519776785715 0.3093220357142857 0.5155367232142857 0.2838983035714286
4 0.3629943482142857 0 0.3436393214285714 0.07085135267857143 0.4096898482142857 0.09339105357142856 0.46673345535714283 0.08437530803571427 0.5267793660714285 0.039295897321428575 0.5492965848214285 0 0.3629943482142857 0
4 0.018361580357142856 0 0 0.006355933035714286 0.046412058035714285 0.08662924553571429 0.10795909821428572 0.14974032142857144 0.1800141830357143 0.15424836607142858 0.22204636607142855 0.14974032142857144 0.23855885714285716 0.14072457589285714 0.23555666517857143 0.14072457589285714 0.2610760714285714 0.12269274107142858 0.26557962053571427 0.12043880357142857 0.28059109821428574 0.10916895535714286 0.2610760714285714 0 0.018361580357142856 0
4 0.1334785669642857 0.23764520982142856 0.09144649553571428 0.23989914285714287 0.03140058035714286 0.2444071919642857 0 0.2556770401785714 0.0014124285714285714 0.4237288125 0.21454062946428573 0.8912966874999999 0.2790899732142857 0.7785981562500001 0.29710375892857144 0.6433599196428571 0.2685818125 0.5577091383928571 0.27758879017857147 0.5036138080357143 0.24756583482142855 0.3773914910714286 0.2010301607142857 0.2939944732142857 0.1334785669642857 0.23764520982142856
4 0.00287875 0.5734868660714286 0.07793614285714286 0.6027885491071429 0.08243962946428572 0.5937726339285714 0.0014124285714285714 0.42796610267857144 0.00287875 0.5734868660714286
4 0.8192090401785714 0.7478813571428571 0.76095840625 0.6433599196428571 0.7504503303571429 0.6523758348214285 0.7249308660714285 0.6546297723214286 0.693502825892857 0.6101694910714286 0.7895480223214285 0.7584745758928572 0.8192090401785714 0.7478813571428571
4 0.0014124285714285714 0.10593220535714286 0.0014124285714285714 0.1906779642857143 0.07909604464285715 0.1843220357142857 0.0014124285714285714 0.10593220535714286