5 0.46822033928571427 0.28531073660714285 0.38559321875 0.33474576339285717 0.38135593303571425 0.37711864285714286 0.4088983035714286 0.40960451785714286 0.4957627098214286 0.4251412410714286 0.5550847455357143 0.3997175133928571 0.5720338973214286 0.3629943482142857 0.5423728794642857 0.3121468928571428 0.46822033928571427 0.28531073660714285
5 0.4088983035714286 0.059322035714285716 0.36440678125 0.08333333482142857 0.3559322053571429 0.12288135714285715 0.39194915178571427 0.15254237499999998 0.4406779642857143 0.15677966071428573 0.5084745758928572 0.1313559330357143 0.5169491517857143 0.09745762499999999 0.47669491517857143 0.06214689285714286 0.4088983035714286 0.059322035714285716
5 0.2627118660714286 0.2612994330357143 0.25 0.3036723169642857 0.27330508482142857 0.3361581919642857 0.36016949107142854 0.3714689285714286 0.4237288125 0.2838983035714286 0.3877118660714286 0.25423729017857144 0.3156779642857143 0.24576270982142856 0.2627118660714286 0.2612994330357143
5 0.15042372767857143 0.2740112991071429 0.07838983035714286 0.2711864419642857 0.021186441964285714 0.3008474598214286 0.004237290178571429 0.34039548214285714 0.040254236607142856 0.38135593303571425 0.11440678125 0.3912429375 0.18220338839285713 0.36016949107142854 0.19915254017857142 0.34322033928571427 0.19915254017857142 0.3121468928571428 0.15042372767857143 0.2740112991071429
5 0.3241525401785714 0.4124293794642857 0.25211864285714286 0.42937853125 0.20338983035714286 0.47033898214285713 0.20762712053571428 0.4985875714285714 0.23516949107142857 0.5254237276785714 0.31355932142857146 0.532485875 0.36864406696428575 0.5042372901785714 0.38983050892857146 0.467514125 0.36864406696428575 0.4336158214285714 0.3241525401785714 0.4124293794642857
5 0.29449152678571433 0.5367231651785714 0.18008474553571427 0.5338983035714285 0.14406779464285716 0.5748587589285714 0.1483050848214286 0.6313559330357144 0.20550847321428573 0.6638418080357144 0.26694915178571427 0.6624293794642858 0.3199152544642857 0.6497175133928571 0.34322033928571427 0.6257062142857144 0.3389830491071429 0.5607344642857143 0.29449152678571433 0.5367231651785714
5 0.6885593214285715 0.57062146875 0.6080508482142858 0.5621468928571428 0.5466101696428571 0.5861581919642856 0.5444915267857143 0.5988700580357144 0.5805084732142857 0.597457625 0.53813559375 0.6228813571428571 0.5805084732142857 0.6737288125 0.5762711875 0.7048022589285715 0.597457625 0.7387005669642858 0.6377118660714285 0.7598870044642857 0.6822033883928571 0.7612994330357142 0.7309322053571429 0.7485875714285715 0.7542372901785714 0.7274011294642857 0.7457627098214286 0.6087570625 0.6885593214285715 0.57062146875
5 0.6165254241071428 0.4406779642857143 0.5741525401785715 0.44350282589285717 0.5466101696428571 0.4590395491071429 0.5169491517857143 0.5211864419642857 0.5444915267857143 0.5564971741071428 0.5932203392857144 0.5635593214285715 0.6504237276785715 0.5536723169642858 0.6822033883928571 0.52683615625 0.6567796607142856 0.4505649732142857 0.6165254241071428 0.4406779642857143
5 0.4491525401785714 0.2725988705357143 0.4512711875 0.2937853125 0.527542375 0.30225988839285717 0.5762711875 0.34322033928571427 0.6313559330357144 0.3093220357142857 0.6080508482142858 0.26553672321428573 0.527542375 0.24858757142857144 0.4491525401785714 0.2725988705357143
5 0.6292372901785714 0.31355932142857146 0.5805084732142857 0.34322033928571427 0.5805084732142857 0.38841808035714287 0.6165254241071428 0.43502824999999995 0.6864406785714285 0.4505649732142857 0.75 0.42796610267857144 0.7542372901785714 0.3658192098214286 0.7139830491071428 0.3248587589285714 0.6292372901785714 0.31355932142857146
5 0.7394067812499999 0.2288135580357143 0.6906779642857143 0.25564971875000003 0.6906779642857143 0.28672316517857144 0.7436440669642856 0.33050847321428567 0.7838983035714285 0.3319209017857143 0.8389830491071428 0.3093220357142857 0.847457625 0.2782485892857143 0.7944915267857143 0.2288135580357143 0.7394067812499999 0.2288135580357143
5 0.6588983035714285 0.10169491517857143 0.6059322053571429 0.13983050892857143 0.6101694910714286 0.18220338839285713 0.6461864419642858 0.20338983035714286 0.7161016964285715 0.20762712053571428 0.7669491517857142 0.17937853125 0.7669491517857142 0.13700565178571428 0.7182203392857144 0.10451977232142858 0.6588983035714285 0.10169491517857143
5 0.25 0.32062146875 0.2563559330357143 0.25706214732142857 0.2012711875 0.25423729017857144 0.1588983035714286 0.2740112991071429 0.07838983035714286 0.2711864419642857 0.021186441964285714 0.3008474598214286 0.012711866071428572 0.36016949107142854 0.06144067857142858 0.38983050892857146 0.11440678125 0.3912429375 0.19703389732142856 0.347457625 0.23093220535714284 0.35310734375 0.2627118660714286 0.34322033928571427 0.25 0.32062146875
5 0.29449152678571433 0.8163841785714286 0.2161016964285714 0.8403954821428572 0.18644067857142857 0.9110169508928572 0.24788135714285714 0.9689265535714285 0.3262711875 0.975988700892857 0.38983050892857146 0.9336158214285714 0.40677966071428573 0.8855932187500001 0.3622881339285714 0.8305084732142857 0.29449152678571433 0.8163841785714286
5 0.4788135580357143 0.9985875714285715 0.4661016964285714 0.96186440625 0.4088983035714286 0.93502825 0.3050847455357143 0.9957627098214286 0.4788135580357143 0.9985875714285715
5 0.3877118660714286 0.7711864419642858 0.36440678125 0.7838983035714285 0.347457625 0.82062146875 0.3940677946428571 0.8545197723214286 0.40677966071428573 0.8912429375 0.4406779642857143 0.89689265625 0.5042372901785714 0.8629943482142857 0.5084745758928572 0.8177966116071429 0.45974576339285717 0.77683615625 0.3877118660714286 0.7711864419642858
5 0 0.9223163839285714 0.016949151785714284 0.9251412410714286 0.08050847321428571 0.89689265625 0.10593220535714286 0.8601694910714286 0.09322033928571428 0.806497174107143 0.040254236607142856 0.7937853125 0.03601695089285715 0.7796610178571429 0 0.7810734464285715 0 0.9223163839285714