4 1 1 0.9983050848214285 0.8262711875 0.9779661026785714 0.8389830491071428 0.9440677946428571 0.8305084732142857 0.9050847455357143 0.8707627098214286 0.8779661026785714 0.9385593214285715 0.8796610178571429 0.9915254241071428 0.8830508482142857 1 1 1
4 0.852542375 0.2966101696428572 0.8033898303571428 0.375 0.8016949151785714 0.4576271205357143 0.8169491517857143 0.5105932187500001 0.8898305089285714 0.5720338973214286 0.9440677946428571 0.5720338973214286 0.9949152544642857 0.53813559375 1 0.29025423660714283 0.9542372901785715 0.26694915178571427 0.9067796607142856 0.26694915178571427 0.852542375 0.2966101696428572
4 0.8711864419642856 0.5911016964285715 0.8288135580357142 0.5508474598214286 0.7372881339285715 0.53813559375 0.6711864419642858 0.58686440625 0.6406779642857143 0.6546610178571429 0.6355932187500001 0.7245762723214285 0.6542372901785714 0.7902542366071429 0.6932203392857142 0.8432203392857144 0.747457625 0.8728813571428571 0.8186440669642857 0.8644067812499999 0.8881355937500001 0.7902542366071429 0.8711864419642856 0.7012711875 0.8915254241071429 0.6334745758928572 0.8711864419642856 0.5911016964285715
4 0.8694915267857143 1 0.8711864419642856 0.9894067812499999 0.8084745758928572 0.8983050848214286 0.7610169508928571 0.8771186428571429 0.6966101696428572 0.8771186428571429 0.6406779642857143 0.9216101696428571 0.6118644062499999 1 0.8694915267857143 1
4 0.5779661026785714 1 0.6372881339285714 0.9046610178571429 0.6372881339285714 0.8072033883928571 0.6203389821428571 0.7563559330357144 0.5813559330357142 0.7076271205357143 0.5305084732142857 0.6822033883928571 0.4661016964285714 0.6864406785714285 0.40847457589285713 0.7245762723214285 0.3762711875 0.7733050848214286 0.3593220357142857 0.8241525401785715 0.3610169508928571 0.8940677946428571 0.3864406785714286 0.9597457633928571 0.42542372767857145 1 0.5779661026785714 1
4 0.7305084732142857 0.21186440625 0.6966101696428572 0.1906779642857143 0.6389830491071429 0.18644067857142857 0.5983050848214286 0.20338983035714286 0.552542375 0.26059321875 0.53559321875 0.30720338839285716 0.5338983035714285 0.37288135714285714 0.552542375 0.4300847455357143 0.6016949151785714 0.48305084821428573 0.6932203392857142 0.5042372901785714 0.7406779642857143 0.4788135580357143 0.7796610178571429 0.4343220357142857 0.7966101696428571 0.34533898214285713 0.7830508482142857 0.2860169508928571 0.7305084732142857 0.21186440625
4 0.9983050848214285 0 0.9322033883928571 0.06991525446428572 0.9203389821428571 0.17796610267857144 0.9423728794642857 0.23516949107142857 0.9983050848214285 0.27966101785714287 0.9983050848214285 0
4 0.5576271205357143 0.03389830357142857 0.5728813571428572 0.10381355803571428 0.6084745758928571 0.15254237499999998 0.6491525401785714 0.1737288125 0.7067796607142858 0.1737288125 0.7593220357142857 0.125 0.7898305089285714 0.006355933035714286 0.5610169508928571 0 0.5576271205357143 0.03389830357142857
4 0.1711864419642857 0 0.15593220535714286 0.027542375 0.1542372901785714 0.08898304910714286 0.1932203392857143 0.1843220357142857 0.24576270982142856 0.22457627232142857 0.3338983035714286 0.2288135580357143 0.39999999999999997 0.16737287946428572 0.3864406785714286 0.006355933035714286 0.3745762723214286 0 0.1711864419642857 0
4 0.5152542366071429 0.30720338839285716 0.4932203392857143 0.27542372767857143 0.41525423660714283 0.2288135580357143 0.3610169508928571 0.2288135580357143 0.29491525446428574 0.2860169508928571 0.2762711875 0.38559321875 0.2847457633928571 0.44279661160714284 0.32033898214285716 0.5042372901785714 0.3610169508928571 0.5296610178571429 0.40508474553571433 0.5338983035714285 0.4796610178571429 0.5084745758928572 0.5186440669642857 0.44703389732142856 0.5288135580357143 0.3834745758928571 0.5152542366071429 0.30720338839285716
4 0.2288135580357143 0.5 0.16779661160714285 0.5466101696428571 0.13559321875 0.6038135580357142 0.13050847321428571 0.6737288125 0.16271186607142857 0.7648305089285714 0.18813559375 0.7966101696428571 0.252542375 0.8262711875 0.33050847321428567 0.8050847455357143 0.39322033928571426 0.6970338973214286 0.3627118660714285 0.5529661026785714 0.2864406785714286 0.4957627098214286 0.2288135580357143 0.5
4 0.0016949151785714287 0.347457625 0.02542372767857143 0.36016949107142854 0.09322033928571428 0.347457625 0.1762711875 0.2266949151785714 0.16271186607142857 0.15042372767857143 0.11016949107142858 0.06779661160714286 0.06949152678571428 0.05084745982142857 0 0.06144067857142858 0.0016949151785714287 0.347457625
4 0 0.4088983035714286 0.0016949151785714287 0.7330508482142858 0.04576270982142857 0.7330508482142858 0.08305084821428572 0.7033898303571429 0.1050847455357143 0.6758474598214285 0.1288135580357143 0.5783898303571429 0.11864406696428571 0.5190677946428571 0.04915254017857142 0.41949152678571433 0.02203389732142857 0.40677966071428573 0 0.4088983035714286
4 0.1711864419642857 1 0.17288135714285713 0.9894067812499999 0.12372881250000001 0.9152542366071429 0.04915254017857142 0.8983050848214286 0 0.9173728794642857 0.0016949151785714287 1 0.1711864419642857 1
4 0.22209409375 0.932385392857143 0.2763001607142857 0.9982156696428571 0.39999999999999997 1 0.39999999999999997 0.9809322053571429 0.32033898214285716 0.8728813571428571 0.24915254017857144 0.8262711875 0.22203389732142859 0.8305084732142857 0.2045568705357143 0.8386269017857143 0.22209409375 0.932385392857143
4 0.04193866517857143 0.8007245401785715 0.08976752678571429 0.8007245401785715 0.17288135714285713 0.8072033883928571 0.16271186607142857 0.7690677946428571 0.11694915178571429 0.7415254241071428 0.0016949151785714287 0.7372881339285715 0 0.8047143526785714 0.04193866517857143 0.8007245401785715
4 0.08705357142857142 0.8504464285714286 0.16964285714285715 0.044642857142857144
4 0.9440677946428571 0.8135593214285715 0.96440678125 0.8347457633928571 1 0.8199152544642857 0.9983050848214285 0.6949152544642857 0.9440677946428571 0.8135593214285715
4 1 0.5438683482142858 0.8853209866071429 0.772796625 0.9267726741071429 0.8007245401785715 1 0.6311614732142857 1 0.5438683482142858
4 0.10847457589285714 0.3961864419642857 0.09661016964285715 0.47457627232142857 0.11694915178571429 0.5127118660714286 0.13759638839285715 0.5154597098214285 0.14078505357142856 0.4815470044642857 0.18861391517857143 0.3598606026785714 0.22368836607142858 0.2641074330357143 0.2364427767857143 0.23418454017857143 0.19152542410714285 0.2288135580357143 0.10847457589285714 0.3961864419642857
4 0.18477336607142858 0.5346587946428571 0.29543171875 0.28206104464285714 0.26779661160714285 0.2347955669642857 0.13919078125 0.5194493705357143 0.18477336607142858 0.5346587946428571
4 0.6397995 0.5054854107142857 0.6222622767857143 0.49750594642857143 0.5967535133928571 0.49551111607142856 0.4357297008928572 0.5254340089285715 0.37674063839285715 0.5693208616071429 0.40065507142857143 0.6052283883928571 0.6506480535714285 0.5413758258928572 0.6397995 0.5054854107142857
4 0.4102209375 0.6830279464285713 0.5106615982142857 0.6750484776785715 0.6461767098214286 0.6371461160714286 0.665308205357143 0.6132078616071429 0.6646061785714286 0.5712860982142857 0.3847121160714286 0.6191923482142857 0.4102209375 0.6830279464285713
4 0.8799601205357143 0.0004984598214285715 0.8598122857142857 0.09653920089285714 0.8470579017857143 0.17234377232142856 0.8343035535714286 0.29004051785714285 0.8630008571428572 0.29602515625 0.8805380491071428 0.27009191964285717 0.9299612767857143 0.03669341071428572 0.9235840714285715 0 0.8799601205357143 0.0004984598214285715
4 0.8087947589285714 0 0.7928518348214286 0.05664200892857143 0.7673431339285715 0.18830270982142855 0.7753146116071428 0.28206104464285714 0.80560621875 0.29004051785714285 0.8119834241071429 0.29203534821428573 0.8087947589285714 0.21224095982142857 0.8263320758928572 0.11648779017857143 0.8540378839285714 0 0.8087947589285714 0
4 0.5696504776785715 0.23817420089285715 0.5744334151785714 0.2182256026785714 0.5616790044642858 0.09055455803571429 0.5521132544642857 0.000785875 0.47239848660714284 0.0047756875 0.5329816964285714 0.2521381517857143 0.5696504776785715 0.23817420089285715
4 0.4755870892857143 0.1464106875 0.4512462589285714 0.0004984598214285715 0.41978675 0 0.4181924151785714 0.07459577678571429 0.4389183035714286 0.16835411607142858 0.4612384017857143 0.2441588392857143 0.4819642321428571 0.26610226339285714 0.5154444732142858 0.25612796428571427 0.49950151785714286 0.23418454017857143 0.4755870892857143 0.1464106875