4 1 0 0.8262711875 0.0016949151785714287 0.8389830491071428 0.02203389732142857 0.8305084732142857 0.05593220535714286 0.8707627098214286 0.09491525446428571 0.9385593214285715 0.12203389732142857 0.9915254241071428 0.12033898214285714 1 0.11694915178571429 1 0
4 0.53813559375 0.005084745535714286 0.29025423660714283 0 0.26694915178571427 0.04576270982142857 0.26694915178571427 0.09322033928571428 0.2966101696428572 0.14745762499999998 0.375 0.19661016964285713 0.4576271205357143 0.19830508482142856 0.5105932187500001 0.18305084821428572 0.5720338973214286 0.11016949107142858 0.5720338973214286 0.05593220535714286 0.53813559375 0.005084745535714286
4 0.8644067812499999 0.18135593303571426 0.7902542366071429 0.11186440625 0.7012711875 0.1288135580357143 0.6334745758928572 0.10847457589285714 0.5911016964285715 0.1288135580357143 0.5508474598214286 0.1711864419642857 0.53813559375 0.2627118660714286 0.58686440625 0.32881355803571427 0.6546610178571429 0.3593220357142857 0.7245762723214285 0.36440678125 0.7902542366071429 0.34576270982142854 0.8432203392857144 0.3067796607142857 0.8728813571428571 0.252542375 0.8644067812499999 0.18135593303571426
4 1 0.13050847321428571 0.9894067812499999 0.1288135580357143 0.8983050848214286 0.19152542410714285 0.8771186428571429 0.23898304910714288 0.8771186428571429 0.30338983035714284 0.9216101696428571 0.3593220357142857 1 0.38813559375 1 0.13050847321428571
4 1 0.4220338973214286 0.9046610178571429 0.3627118660714285 0.8072033883928571 0.3627118660714285 0.7563559330357144 0.37966101785714285 0.7076271205357143 0.4186440669642857 0.6822033883928571 0.46949152678571426 0.6864406785714285 0.5338983035714285 0.7245762723214285 0.5915254241071429 0.7733050848214286 0.6237288124999999 0.8241525401785715 0.6406779642857143 0.8940677946428571 0.6389830491071429 0.9597457633928571 0.6135593214285714 1 0.5745762723214286 1 0.4220338973214286
4 0.4788135580357143 0.2593220357142857 0.4343220357142857 0.22033898214285716 0.34533898214285713 0.20338983035714286 0.2860169508928571 0.21694915178571428 0.21186440625 0.26949152678571425 0.1906779642857143 0.30338983035714284 0.18644067857142857 0.3610169508928571 0.20338983035714286 0.4016949151785714 0.26059321875 0.447457625 0.30720338839285716 0.46440678125 0.37288135714285714 0.4661016964285714 0.4300847455357143 0.447457625 0.48305084821428573 0.39830508482142857 0.5042372901785714 0.3067796607142857 0.4788135580357143 0.2593220357142857
4 0.06991525446428572 0.06779661160714286 0.17796610267857144 0.07966101785714286 0.23516949107142857 0.05762712053571428 0.27966101785714287 0.0016949151785714287 0 0.0016949151785714287 0.06991525446428572 0.06779661160714286
4 0.1737288125 0.2932203392857143 0.125 0.24067796428571428 0.006355933035714286 0.2101694910714286 0 0.43898304910714286 0.03389830357142857 0.4423728794642857 0.10381355803571428 0.42711864285714285 0.15254237499999998 0.39152542410714286 0.1737288125 0.35084745982142856 0.1737288125 0.2932203392857143
4 0 0.8288135580357142 0.027542375 0.8440677946428572 0.08898304910714286 0.8457627098214286 0.1843220357142857 0.8067796607142858 0.22457627232142857 0.7542372901785714 0.2288135580357143 0.6661016964285714 0.16737287946428572 0.6 0.006355933035714286 0.6135593214285714 0 0.6254237276785714 0 0.8288135580357142
4 0.5338983035714285 0.5949152544642857 0.5084745758928572 0.5203389821428571 0.44703389732142856 0.4813559330357143 0.3834745758928571 0.47118644196428566 0.30720338839285716 0.48474576339285713 0.27542372767857143 0.5067796607142857 0.2288135580357143 0.5847457633928571 0.2288135580357143 0.6389830491071429 0.2860169508928571 0.7050847455357143 0.38559321875 0.7237288125 0.44279661160714284 0.7152542366071428 0.5042372901785714 0.6796610178571428 0.5296610178571429 0.6389830491071429 0.5338983035714285 0.5949152544642857
4 0.8050847455357143 0.6694915267857143 0.6970338973214286 0.6067796607142857 0.5529661026785714 0.6372881339285714 0.4957627098214286 0.7135593214285715 0.5 0.7711864419642858 0.5466101696428571 0.8322033883928571 0.6038135580357142 0.8644067812499999 0.6737288125 0.8694915267857143 0.7648305089285714 0.8372881339285714 0.7966101696428571 0.81186440625 0.8262711875 0.747457625 0.8050847455357143 0.6694915267857143
4 0.15042372767857143 0.8372881339285714 0.06779661160714286 0.8898305089285714 0.05084745982142857 0.9305084732142858 0.06144067857142858 1 0.347457625 0.9983050848214285 0.36016949107142854 0.9745762723214285 0.347457625 0.9067796607142856 0.2266949151785714 0.8237288125 0.15042372767857143 0.8372881339285714
4 0.5783898303571429 0.8711864419642856 0.5190677946428571 0.8813559330357144 0.41949152678571433 0.9508474598214286 0.40677966071428573 0.9779661026785714 0.4088983035714286 1 0.7330508482142858 0.9983050848214285 0.7330508482142858 0.9542372901785715 0.7033898303571429 0.9169491517857143 0.6758474598214285 0.8949152544642857 0.5783898303571429 0.8711864419642856
4 1 0.8288135580357142 0.9894067812499999 0.8271186428571429 0.9152542366071429 0.8762711875000001 0.8983050848214286 0.9508474598214286 0.9173728794642857 1 1 0.9983050848214285 1 0.8288135580357142
4 0.8728813571428571 0.6796610178571428 0.8262711875 0.7508474598214285 0.8305084732142857 0.7779661026785715 0.8386269017857143 0.7954431294642857 0.932385392857143 0.77790590625 0.9982156696428571 0.7236998392857144 1 0.6 0.9809322053571429 0.6 0.8728813571428571 0.6796610178571428
4 0.7690677946428571 0.8372881339285714 0.7415254241071428 0.8830508482142857 0.7372881339285715 0.9983050848214285 0.8047143526785714 1 0.8007245401785715 0.9580613348214285 0.8007245401785715 0.9102324732142858 0.8072033883928571 0.8271186428571429 0.7690677946428571 0.8372881339285714
4 0.8504464285714286 0.9129464285714286 0.044642857142857144 0.171875
4 0.8135593214285715 0.05593220535714286 0.8347457633928571 0.03559321875 0.8199152544642857 0 0.6949152544642857 0.0016949151785714287 0.8135593214285715 0.05593220535714286
4 0.5438683482142858 0 0.772796625 0.11467901339285715 0.8007245401785715 0.07322732589285715 0.6311614732142857 0 0.5438683482142858 0
4 0.3598606026785714 0.8113860848214286 0.2641074330357143 0.7763116339285715 0.23418454017857143 0.7635572232142858 0.2288135580357143 0.8084745758928572 0.3961864419642857 0.8915254241071429 0.47457627232142857 0.9033898303571428 0.5127118660714286 0.8830508482142857 0.5154597098214285 0.8624036116071429 0.4815470044642857 0.8592149464285714 0.3598606026785714 0.8113860848214286
4 0.5346587946428571 0.8152266339285715 0.28206104464285714 0.70456828125 0.2347955669642857 0.732203388392857 0.5194493705357143 0.86080921875 0.5346587946428571 0.8152266339285715
4 0.5254340089285715 0.5642702991071429 0.5693208616071429 0.6232593616071428 0.6052283883928571 0.5993449285714286 0.5413758258928572 0.3493519464285714 0.5054854107142857 0.3602005 0.49750594642857143 0.37773772321428567 0.49551111607142856 0.40324648660714285 0.5254340089285715 0.5642702991071429
4 0.6371461160714286 0.35382329017857145 0.6132078616071429 0.33469179464285714 0.5712860982142857 0.3353938214285714 0.6191923482142857 0.6152878839285715 0.6830279464285713 0.5897790625 0.6750484776785715 0.48933840178571425 0.6371461160714286 0.35382329017857145
4 0.29602515625 0.13699914285714285 0.27009191964285717 0.11946195089285715 0.03669341071428572 0.07003872321428571 0 0.07641592857142857 0.0004984598214285715 0.12003987946428572 0.09653920089285714 0.14018771428571428 0.17234377232142856 0.15294209821428573 0.29004051785714285 0.16569644642857143 0.29602515625 0.13699914285714285
4 0 0.19120524107142858 0.05664200892857143 0.20714816517857143 0.18830270982142855 0.23265686607142858 0.28206104464285714 0.22468538839285715 0.29004051785714285 0.19439378125 0.29203534821428573 0.18801657589285714 0.21224095982142857 0.19120524107142858 0.11648779017857143 0.17366792410714285 0 0.1459621160714286 0 0.19120524107142858
4 0.09055455803571429 0.4383209955357143 0.000785875 0.44788674553571434 0.0047756875 0.5276015133928571 0.2521381517857143 0.46701830357142854 0.23817420089285715 0.43034952232142853 0.2182256026785714 0.42556658482142856 0.09055455803571429 0.4383209955357143
4 0.2441588392857143 0.5387615982142857 0.26610226339285714 0.5180357678571429 0.25612796428571427 0.4845555267857143 0.23418454017857143 0.5004984821428572 0.1464106875 0.5244129107142858 0.0004984598214285715 0.5487537410714286 0 0.58021325 0.07459577678571429 0.5818075848214285 0.16835411607142858 0.5610816964285714 0.2441588392857143 0.5387615982142857