5 0.5021186428571428 0.7401129955357143 0.22033898214285716 0.7754237276785715 0.2266949151785714 0.8022598883928571 0.4110169508928571 0.806497174107143 0.45550847321428567 0.77683615625 0.5105932187500001 0.7683615803571427 0.5169491517857143 0.7471751428571428 0.5021186428571428 0.7401129955357143
5 0.40042372767857143 0.6666666651785714 0.44279661160714284 0.6581920892857143 0.46186440625 0.6313559330357144 0.5127118660714286 0.60310734375 0.5 0.5070621473214285 0.5084745758928572 0.3573446339285714 0.3792372901785714 0.347457625 0.3326271205357143 0.37570621428571427 0.3008474598214286 0.3488700580357143 0.33050847321428567 0.31497175000000005 0.2987288125 0.3107344642857143 0.22033898214285716 0.34322033928571427 0.22033898214285716 0.7302259866071428 0.25211864285714286 0.7372881339285715 0.27330508482142857 0.7570621473214285 0.33474576339285717 0.75564971875 0.402542375 0.7387005669642858 0.37711864285714286 0.7189265535714285 0.37711864285714286 0.68502825 0.40042372767857143 0.6666666651785714
5 0.41525423660714283 0.8177966116071429 0.41949152678571433 0.8516949151785714 0.4872881339285714 0.8686440669642856 0.5593220357142857 0.8036723169642858 0.5402542366071429 0.774011299107143 0.4512711875 0.7853107366071429 0.41525423660714283 0.8177966116071429
5 0.9237288125 0.5946327678571429 0.9555084732142857 0.6073446339285714 1 0.6059322053571429 0.9957627098214286 0.5240112991071428 0.9470338973214286 0.5197740133928571 0.9194915267857143 0.5579096026785714 0.9237288125 0.5946327678571429
5 0.6101694910714286 0.693502825892857 0.6038135580357142 0.6751412410714286 0.5550847455357143 0.6737288125 0.5423728794642857 0.6257062142857144 0.5148305089285714 0.6129943482142857 0.4661016964285714 0.6313559330357144 0.44703389732142856 0.6610169508928572 0.41313559375 0.6638418080357144 0.38135593303571425 0.6822033883928571 0.38135593303571425 0.7217514107142857 0.41313559375 0.7372881339285715 0.4491525401785714 0.7358757053571429 0.48940678125 0.7288135580357142 0.5148305089285714 0.7062146875 0.5529661026785714 0.71186440625 0.6101694910714286 0.693502825892857
5 0.9957627098214286 0.5098870044642857 1 0.4420903973214286 0.9809322053571429 0.43502824999999995 0.9194915267857143 0.48163841964285714 0.9957627098214286 0.5098870044642857
5 1 0.2612994330357143 0.9470338973214286 0.24858757142857144 0.9110169508928572 0.2697740133928571 0.902542375 0.2980225982142857 0.9216101696428571 0.31355932142857146 0.9830508482142858 0.32344632589285716 1 0.3121468928571428 1 0.2612994330357143
5 0.8156779642857143 0.1581920892857143 0.7817796607142856 0.16666666517857145 0.7436440669642856 0.16101695089285714 0.6906779642857143 0.18502825 0.7055084732142857 0.22598870089285714 0.7584745758928572 0.22457627232142857 0.8114406785714285 0.22316384375 0.8347457633928571 0.21045197767857143 0.8389830491071428 0.18785310714285713 0.8156779642857143 0.1581920892857143
5 0.6271186428571429 0.12288135714285715 0.652542375 0.1624293794642857 0.6864406785714285 0.17090395535714284 0.7161016964285715 0.12853107142857143 0.71186440625 0.10028248660714287 0.6504237276785715 0.09604519642857143 0.6271186428571429 0.12288135714285715
5 0.7372881339285715 0.03531073660714286 0.7605932187500001 0 0.6610169508928572 0.004237290178571429 0.6927966116071429 0.03672316517857143 0.7372881339285715 0.03531073660714286
5 0.7245762723214285 0.7782485892857143 0.7245762723214285 0.7612994330357142 0.6800847455357143 0.7372881339285715 0.6271186428571429 0.7584745758928572 0.6313559330357144 0.7782485892857143 0.6059322053571429 0.8121468928571429 0.66313559375 0.8700564955357143 0.7076271205357143 0.8742937857142856 0.7245762723214285 0.8601694910714286 0.7203389821428571 0.8319209017857142 0.6822033883928571 0.7980225982142857 0.7245762723214285 0.7782485892857143
5 0.8538135580357142 0.8079096026785715 0.8156779642857143 0.8079096026785715 0.8050847455357143 0.8319209017857142 0.8220338973214286 0.8686440669642856 0.8008474598214285 0.8855932187500001 0.8135593214285715 0.9194915267857143 0.8792372901785714 0.9209039553571429 0.9279661026785714 0.9364406785714285 0.9449152544642857 0.8884180803571429 0.9110169508928572 0.8629943482142857 0.9067796607142856 0.8432203392857144 0.8538135580357142 0.8079096026785715