5 0.77683615625 0.5444915267857143 0.7683615803571427 0.48940678125 0.7471751428571428 0.48305084821428573 0.7401129955357143 0.49788135714285714 0.7754237276785715 0.7796610178571429 0.8022598883928571 0.7733050848214286 0.806497174107143 0.5889830491071428 0.77683615625 0.5444915267857143
5 0.5070621473214285 0.5 0.3573446339285714 0.4915254241071429 0.347457625 0.6207627098214286 0.37570621428571427 0.6673728794642857 0.3488700580357143 0.6991525401785715 0.31497175000000005 0.6694915267857143 0.3107344642857143 0.7012711875 0.34322033928571427 0.7796610178571429 0.7302259866071428 0.7796610178571429 0.7372881339285715 0.7478813571428571 0.7570621473214285 0.7266949151785714 0.75564971875 0.6652542366071429 0.7387005669642858 0.597457625 0.7189265535714285 0.6228813571428571 0.68502825 0.6228813571428571 0.6666666651785714 0.5995762723214285 0.6581920892857143 0.5572033883928571 0.6313559330357144 0.53813559375 0.60310734375 0.4872881339285714 0.5070621473214285 0.5
5 0.774011299107143 0.45974576339285717 0.7853107366071429 0.5487288125 0.8177966116071429 0.5847457633928571 0.8516949151785714 0.5805084732142857 0.8686440669642856 0.5127118660714286 0.8036723169642858 0.4406779642857143 0.774011299107143 0.45974576339285717
5 0.5197740133928571 0.05296610267857143 0.5579096026785714 0.08050847321428571 0.5946327678571429 0.07627118749999999 0.6073446339285714 0.04449152678571428 0.6059322053571429 0 0.5240112991071428 0.004237290178571429 0.5197740133928571 0.05296610267857143
5 0.6129943482142857 0.48516949107142854 0.6313559330357144 0.5338983035714285 0.6610169508928572 0.5529661026785714 0.6638418080357144 0.58686440625 0.6822033883928571 0.6186440669642856 0.7217514107142857 0.6186440669642856 0.7372881339285715 0.58686440625 0.7358757053571429 0.5508474598214286 0.7288135580357142 0.5105932187500001 0.7062146875 0.48516949107142854 0.71186440625 0.44703389732142856 0.693502825892857 0.38983050892857146 0.6751412410714286 0.3961864419642857 0.6737288125 0.4449152544642857 0.6257062142857144 0.4576271205357143 0.6129943482142857 0.48516949107142854
5 0.5098870044642857 0.004237290178571429 0.4420903973214286 0 0.43502824999999995 0.019067794642857145 0.48163841964285714 0.08050847321428571 0.5098870044642857 0.004237290178571429
5 0.2612994330357143 0 0.24858757142857144 0.05296610267857143 0.2697740133928571 0.08898304910714286 0.2980225982142857 0.09745762499999999 0.31355932142857146 0.07838983035714286 0.32344632589285716 0.016949151785714284 0.3121468928571428 0 0.2612994330357143 0
5 0.22598870089285714 0.29449152678571433 0.22457627232142857 0.24152542410714287 0.22316384375 0.18855932142857143 0.21045197767857143 0.16525423660714283 0.18785310714285713 0.16101695089285714 0.1581920892857143 0.1843220357142857 0.16666666517857145 0.21822033928571427 0.16101695089285714 0.2563559330357143 0.18502825 0.3093220357142857 0.22598870089285714 0.29449152678571433
5 0.10028248660714287 0.28813559375 0.09604519642857143 0.34957627232142857 0.12288135714285715 0.37288135714285714 0.1624293794642857 0.347457625 0.17090395535714284 0.31355932142857146 0.12853107142857143 0.2838983035714286 0.10028248660714287 0.28813559375
5 0.03531073660714286 0.2627118660714286 0 0.23940678125 0.004237290178571429 0.3389830491071429 0.03672316517857143 0.30720338839285716 0.03531073660714286 0.2627118660714286
5 0.7782485892857143 0.36864406696428575 0.8121468928571429 0.3940677946428571 0.8700564955357143 0.33686440625 0.8742937857142856 0.2923728794642857 0.8601694910714286 0.27542372767857143 0.8319209017857142 0.27966101785714287 0.7980225982142857 0.31779661160714284 0.7782485892857143 0.27542372767857143 0.7612994330357142 0.27542372767857143 0.7372881339285715 0.3199152544642857 0.7584745758928572 0.37288135714285714 0.7782485892857143 0.36864406696428575
5 0.8855932187500001 0.19915254017857142 0.9194915267857143 0.18644067857142857 0.9209039553571429 0.12076270982142857 0.9364406785714285 0.07203389732142858 0.8884180803571429 0.05508474553571429 0.8629943482142857 0.08898304910714286 0.8432203392857144 0.09322033928571428 0.8079096026785715 0.1461864419642857 0.8079096026785715 0.1843220357142857 0.8319209017857142 0.19491525446428573 0.8686440669642856 0.17796610267857144 0.8855932187500001 0.19915254017857142