5 0.22316384375 0.45550847321428567 0.23163841964285714 0.5105932187500001 0.25282485714285713 0.5169491517857143 0.2598870044642857 0.5021186428571428 0.22457627232142857 0.22033898214285716 0.19774011160714286 0.2266949151785714 0.19350282589285714 0.4110169508928571 0.22316384375 0.45550847321428567
5 0.49293785267857143 0.5 0.6426553660714286 0.5084745758928572 0.652542375 0.3792372901785714 0.6242937857142856 0.3326271205357143 0.6511299419642856 0.3008474598214286 0.68502825 0.33050847321428567 0.6892655357142857 0.2987288125 0.6567796607142856 0.22033898214285716 0.2697740133928571 0.22033898214285716 0.2627118660714286 0.25211864285714286 0.24293785267857143 0.27330508482142857 0.24435028125 0.33474576339285717 0.2612994330357143 0.402542375 0.2810734464285714 0.37711864285714286 0.31497175000000005 0.37711864285714286 0.3333333348214286 0.40042372767857143 0.3418079107142857 0.44279661160714284 0.36864406696428575 0.46186440625 0.39689265625 0.5127118660714286 0.49293785267857143 0.5
5 0.22598870089285714 0.5402542366071429 0.21468926339285715 0.4512711875 0.18220338839285713 0.41525423660714283 0.1483050848214286 0.41949152678571433 0.1313559330357143 0.4872881339285714 0.1963276830357143 0.5593220357142857 0.22598870089285714 0.5402542366071429
5 0.4802259866071429 0.9470338973214286 0.4420903973214286 0.9194915267857143 0.40536723214285714 0.9237288125 0.3926553660714286 0.9555084732142857 0.3940677946428571 1 0.47598870089285716 0.9957627098214286 0.4802259866071429 0.9470338973214286
5 0.3870056517857143 0.5148305089285714 0.36864406696428575 0.4661016964285714 0.3389830491071429 0.44703389732142856 0.3361581919642857 0.41313559375 0.31779661160714284 0.38135593303571425 0.2782485892857143 0.38135593303571425 0.2627118660714286 0.41313559375 0.26412429464285714 0.4491525401785714 0.2711864419642857 0.48940678125 0.2937853125 0.5148305089285714 0.28813559375 0.5529661026785714 0.30649717410714283 0.6101694910714286 0.3248587589285714 0.6038135580357142 0.3262711875 0.5550847455357143 0.37429378571428573 0.5423728794642857 0.3870056517857143 0.5148305089285714
5 0.49011299553571425 0.9957627098214286 0.5579096026785714 1 0.56497175 0.9809322053571429 0.5183615803571429 0.9194915267857143 0.49011299553571425 0.9957627098214286
5 0.7387005669642858 1 0.7514124285714285 0.9470338973214286 0.7302259866071428 0.9110169508928572 0.7019774017857143 0.902542375 0.6864406785714285 0.9216101696428571 0.6765536741071428 0.9830508482142858 0.6878531071428571 1 0.7387005669642858 1
5 0.774011299107143 0.7055084732142857 0.7754237276785715 0.7584745758928572 0.77683615625 0.8114406785714285 0.7895480223214285 0.8347457633928571 0.8121468928571429 0.8389830491071428 0.8418079107142857 0.8156779642857143 0.8333333348214286 0.7817796607142856 0.8389830491071428 0.7436440669642856 0.81497175 0.6906779642857143 0.774011299107143 0.7055084732142857
5 0.8997175133928571 0.71186440625 0.9039548035714285 0.6504237276785715 0.8771186428571429 0.6271186428571429 0.8375706205357142 0.652542375 0.8290960446428571 0.6864406785714285 0.8714689285714285 0.7161016964285715 0.8997175133928571 0.71186440625
5 0.9646892633928571 0.7372881339285715 1 0.7605932187500001 0.9957627098214286 0.6610169508928572 0.9632768348214286 0.6927966116071429 0.9646892633928571 0.7372881339285715
5 0.22175141071428572 0.6313559330357144 0.18785310714285713 0.6059322053571429 0.1299435044642857 0.66313559375 0.1257062142857143 0.7076271205357143 0.13983050892857143 0.7245762723214285 0.1680790982142857 0.7203389821428571 0.2019774017857143 0.6822033883928571 0.22175141071428572 0.7245762723214285 0.2387005669642857 0.7245762723214285 0.2627118660714286 0.6800847455357143 0.24152542410714287 0.6271186428571429 0.22175141071428572 0.6313559330357144
5 0.11440678125 0.8008474598214285 0.08050847321428571 0.8135593214285715 0.07909604464285715 0.8792372901785714 0.06355932142857143 0.9279661026785714 0.11158191964285714 0.9449152544642857 0.13700565178571428 0.9110169508928572 0.15677966071428573 0.9067796607142856 0.19209039732142857 0.8538135580357142 0.19209039732142857 0.8156779642857143 0.1680790982142857 0.8050847455357143 0.1313559330357143 0.8220338973214286 0.11440678125 0.8008474598214285