2 0.35744680803571427 0.22575757589285714 0.37872340624999995 0.24696969642857144 0.4234042544642857 0.2181818169642857 0.5361702142857142 0.18333333482142858 0.38510638392857144 0.1909090892857143 0.35744680803571427 0.22575757589285714
2 0.35744680803571427 0.22575757589285714 0.37872340624999995 0.24696969642857144 0.4234042544642857 0.2181818169642857 0.5361702142857142 0.18333333482142858 0.38510638392857144 0.1909090892857143 0.35744680803571427 0.22575757589285714
2 0.6382978705357143 0.08333333482142857 0.6148936160714286 0.06969696875 0.47446808482142855 0.07878787946428571 0.39999999999999997 0.14090908928571427 0.38723404464285716 0.17727272767857144 0.42127659375 0.17727272767857144 0.5851063839285714 0.15757575892857142 0.6 0.12878787946428571 0.6468085089285714 0.10151515178571428 0.6382978705357143 0.08333333482142857
2 0.8212765937500001 0.25 0.8340425535714286 0.25 0.85957446875 0.2378787857142857 0.8638297857142857 0.16515151339285714 0.7680851071428572 0.16969696875 0.8212765937500001 0.25
2 0.8063829776785714 0.02424242410714286 0.7744680848214286 0.031818183035714286 0.74042553125 0.10454545535714287 0.7489361696428573 0.15303030357142858 0.7957446830357143 0.15606060714285716 0.8765957455357143 0.13484848660714285 0.8680851071428571 0.0893939375 0.8297872321428572 0.034848486607142855 0.8063829776785714 0.02424242410714286
2 0.11063829910714286 0.48030303125 0.13617021428571427 0.48030303125 0.17872340625 0.47121212053571426 0.19787233928571427 0.3909090892857143 0.1191489375 0.3924242410714286 0.11063829910714286 0.48030303125
2 0.17234042410714287 0.2272727276785714 0.13617021428571427 0.25 0.11063829910714286 0.29242424107142856 0.10638297767857142 0.35606060714285714 0.12127659375 0.3787878794642857 0.21276595535714285 0.3772727276785714 0.22978723214285715 0.31969696875000003 0.20425531696428573 0.28030303125 0.20425531696428573 0.25 0.17234042410714287 0.2272727276785714
2 0.5617021294642857 0.4409090892857143 0.6340425535714286 0.44393939285714284 0.6744680848214285 0.36363636160714286 0.5936170223214285 0.36363636160714286 0.5744680848214285 0.37424242410714287 0.5617021294642857 0.4409090892857143
2 0.5978723392857143 0.22424242410714285 0.5702127678571428 0.24393939285714286 0.5531914910714286 0.34393939285714287 0.5851063839285714 0.3515151517857143 0.6234042544642857 0.33030303125000005 0.6085106383928572 0.3469696964285714 0.6382978705357143 0.35000000000000003 0.6893617008928572 0.34393939285714287 0.7021276607142858 0.2833333348214286 0.6787234062499999 0.25454545535714285 0.5978723392857143 0.22424242410714285
2 0.9170212767857143 0.5212121205357143 0.8212765937500001 0.5227272723214286 0.8531914910714286 0.5515151517857143 0.9446808526785714 0.5833333348214286 0.9617021294642857 0.5712121205357142 0.9319148928571428 0.5348484866071429 0.9106382991071429 0.5318181830357143 0.9170212767857143 0.5212121205357143
2 0.7723404241071429 0.3727272723214286 0.7574468080357143 0.38636363839285714 0.7957446830357143 0.4227272723214286 0.7999999999999999 0.5045454553571428 0.8765957455357143 0.5045454553571428 0.9191489375 0.5015151517857143 0.9063829776785715 0.4348484866071428 0.8234042544642858 0.3727272723214286 0.7723404241071429 0.3727272723214286
2 0.22127659375 0.8227272723214286 0.24255319196428574 0.8560606071428571 0.21276595535714285 0.85 0.18723404464285714 0.8984848482142856 0.19999999999999998 0.9015151517857143 0.24255319196428574 0.8893939375000001 0.3234042544642857 0.81969696875 0.32127659375 0.8060606071428572 0.22127659375 0.8227272723214286
2 0.33617021428571425 0.68030303125 0.2744680848214286 0.6454545446428571 0.23191489285714287 0.6454545446428571 0.19999999999999998 0.6712121205357143 0.22978723214285715 0.7015151517857143 0.21702127678571428 0.7984848482142857 0.24255319196428574 0.8015151517857142 0.33404255357142854 0.7939393928571429 0.35744680803571427 0.7651515133928571 0.35744680803571427 0.7106060625 0.33617021428571425 0.68030303125