2 0.1909090892857143 0.6148936160714286 0.22575757589285714 0.6425531919642857 0.24696969642857144 0.62127659375 0.2181818169642857 0.5765957455357142 0.18333333482142858 0.46382978571428574 0.1909090892857143 0.6148936160714286
2 0.1909090892857143 0.6148936160714286 0.22575757589285714 0.6425531919642857 0.24696969642857144 0.62127659375 0.2181818169642857 0.5765957455357142 0.18333333482142858 0.46382978571428574 0.1909090892857143 0.6148936160714286
2 0.17727272767857144 0.6127659553571428 0.17727272767857144 0.57872340625 0.15757575892857142 0.4148936160714286 0.12878787946428571 0.39999999999999997 0.10151515178571428 0.3531914910714286 0.08333333482142857 0.3617021294642857 0.06969696875 0.38510638392857144 0.07878787946428571 0.5255319151785715 0.14090908928571427 0.6 0.17727272767857144 0.6127659553571428
2 0.16969696875 0.23191489285714287 0.25 0.17872340625 0.25 0.1659574464285714 0.2378787857142857 0.14042553124999999 0.16515151339285714 0.13617021428571427 0.16969696875 0.23191489285714287
2 0.15606060714285716 0.20425531696428573 0.13484848660714285 0.12340425446428571 0.0893939375 0.13191489285714286 0.034848486607142855 0.17021276785714284 0.02424242410714286 0.19361702232142858 0.031818183035714286 0.22553191517857143 0.10454545535714287 0.25957446875 0.15303030357142858 0.25106383035714286 0.15606060714285716 0.20425531696428573
2 0.3924242410714286 0.8808510625 0.48030303125 0.889361700892857 0.48030303125 0.8638297857142857 0.47121212053571426 0.8212765937500001 0.3909090892857143 0.8021276607142857 0.3924242410714286 0.8808510625
2 0.3787878794642857 0.87872340625 0.3772727276785714 0.7872340446428572 0.31969696875000003 0.7702127678571429 0.28030303125 0.7957446830357143 0.25 0.7957446830357143 0.2272727276785714 0.8276595758928572 0.25 0.8638297857142857 0.29242424107142856 0.889361700892857 0.35606060714285714 0.8936170223214285 0.3787878794642857 0.87872340625
2 0.37424242410714287 0.4255319151785714 0.4409090892857143 0.4382978705357143 0.44393939285714284 0.3659574464285714 0.36363636160714286 0.32553191517857144 0.36363636160714286 0.4063829776785714 0.37424242410714287 0.4255319151785714
2 0.33030303125000005 0.37659574553571423 0.3469696964285714 0.39148936160714287 0.35000000000000003 0.3617021294642857 0.34393939285714287 0.31063829910714286 0.2833333348214286 0.29787233928571427 0.25454545535714285 0.32127659375 0.22424242410714285 0.4021276607142857 0.24393939285714286 0.42978723214285713 0.34393939285714287 0.44680850892857144 0.3515151517857143 0.4148936160714286 0.33030303125000005 0.37659574553571423
2 0.5712121205357142 0.03829787053571428 0.5348484866071429 0.06808510714285713 0.5318181830357143 0.08936170089285714 0.5212121205357143 0.0829787232142857 0.5227272723214286 0.17872340625 0.5515151517857143 0.14680850892857142 0.5833333348214286 0.05531914732142857 0.5712121205357142 0.03829787053571428
2 0.5045454553571428 0.12340425446428571 0.5015151517857143 0.0808510625 0.4348484866071428 0.09361702232142857 0.3727272723214286 0.1765957455357143 0.3727272723214286 0.22765957589285715 0.38636363839285714 0.24255319196428574 0.4227272723214286 0.20425531696428573 0.5045454553571428 0.19999999999999998 0.5045454553571428 0.12340425446428571
2 0.9015151517857143 0.7999999999999999 0.8893939375000001 0.7574468080357143 0.81969696875 0.6765957455357142 0.8060606071428572 0.6787234062499999 0.8227272723214286 0.77872340625 0.8560606071428571 0.7574468080357143 0.85 0.7872340446428572 0.8984848482142856 0.8127659553571428 0.9015151517857143 0.7999999999999999
2 0.7015151517857143 0.7702127678571429 0.7984848482142857 0.7829787232142857 0.8015151517857142 0.7574468080357143 0.7939393928571429 0.6659574464285714 0.7651515133928571 0.6425531919642857 0.7106060625 0.6425531919642857 0.68030303125 0.6638297857142856 0.6454545446428571 0.7255319151785714 0.6454545446428571 0.7680851071428572 0.6712121205357143 0.7999999999999999 0.7015151517857143 0.7702127678571429