1 0.9716666651785715 0.42166666517857143 0.9766666651785715 0.265 0.9691666651785714 0.21333333482142858 0.8208333348214286 0.21333333482142858 0.8141666651785714 0.23 0.8158333348214286 0.4133333348214286 0.9716666651785715 0.42166666517857143
1 0.9691666651785714 0.65 0.9783333348214286 0.5483333348214285 0.9733333348214286 0.44166666517857145 0.8175 0.43666666517857144 0.8141666651785714 0.64 0.8275 0.6533333348214285 0.9691666651785714 0.65
1 0.8291666651785714 0.9033333348214285 0.9816666651785715 0.905 0.9866666651785714 0.7583333348214286 0.9775 0.6966666651785715 0.8341666651785714 0.6966666651785715 0.8250000000000001 0.7016666651785715 0.8241666651785715 0.7266666651785715 0.8291666651785714 0.9033333348214285
1 0.9874999999999999 1 0.9883333348214285 0.9683333348214286 0.9808333348214286 0.9266666651785714 0.8308333348214285 0.9299999999999999 0.8275 0.9933333348214285 0.8324999999999999 1 0.9874999999999999 1
1 0.7658333348214287 0.15 0.7858333348214286 0.16333333482142856 0.7916666651785714 0.005 0.6291666651785714 0 0.6275000000000001 0.16 0.6941666651785715 0.16666666517857145 0.7658333348214287 0.15
1 0.6341666651785715 0.42 0.7341666651785713 0.4233333348214286 0.7683333348214285 0.36500000000000005 0.775 0.2983333348214286 0.7458333348214286 0.2233333348214286 0.6308333348214286 0.22 0.6291666651785714 0.41000000000000003 0.6341666651785715 0.42
1 0.7808333348214286 0.6533333348214285 0.7883333348214286 0.545 0.78 0.47500000000000003 0.7608333348214286 0.47000000000000003 0.7491666651785714 0.4433333348214286 0.6325000000000001 0.4466666651785714 0.6291666651785714 0.6533333348214285 0.7808333348214286 0.6533333348214285
1 0.7358333348214285 0.91 0.7383333348214285 0.715 0.7275 0.7033333348214287 0.6375000000000001 0.7066666651785714 0.6341666651785715 0.8733333348214286 0.6358333348214286 0.9133333348214286 0.7358333348214285 0.91
1 0.6058333348214286 1 0.6066666651785715 0.9883333348214285 0.6033333348214286 0.9616666651785714 0.5908333348214285 0.9400000000000001 0.4458333348214286 0.9400000000000001 0.44416666517857145 1 0.5908333348214285 1 0.6058333348214286 1
1 0.4491666651785714 0.9233333348214285 0.5708333348214286 0.92 0.5858333348214285 0.91 0.6066666651785715 0.8716666651785714 0.6016666651785715 0.7216666651785715 0.4458333348214286 0.72 0.4425 0.9133333348214286 0.4491666651785714 0.9233333348214285
1 0.44083333482142856 0.4233333348214286 0.43916666517857145 0.6333333348214286 0.5958333348214285 0.6366666651785715 0.6 0.4916666651785714 0.5933333348214286 0.435 0.5391666651785714 0.42 0.5325 0.4466666651785714 0.53 0.425 0.5225000000000001 0.42 0.44083333482142856 0.4233333348214286
1 0.43916666517857145 0.39333333482142857 0.5525 0.39999999999999997 0.5808333348214285 0.38 0.5783333348214287 0.37166666517857144 0.595 0.3483333348214286 0.6 0.2983333348214286 0.5966666651785715 0.20833333482142855 0.44083333482142856 0.20333333482142857 0.43916666517857145 0.39333333482142857
1 0.5475 0.1766666651785714 0.5725 0.15666666517857145 0.5991666651785714 0.15666666517857145 0.6 0.0016666651785714286 0.4458333348214286 0 0.44 0.034999999999999996 0.44083333482142856 0.17333333482142857 0.5475 0.1766666651785714
1 0.3608333348214286 0.16666666517857145 0.3958333348214286 0.15666666517857145 0.4083333348214286 0.13499999999999998 0.4083333348214286 0.008333334821428572 0.26083333482142856 0 0.255 0.03166666517857143 0.25583333482142856 0.16 0.3608333348214286 0.16666666517857145
1 0.24916666517857142 0.39999999999999997 0.36416666517857144 0.4033333348214286 0.3925 0.3833333348214286 0.4083333348214286 0.3516666651785714 0.4066666651785714 0.21166666517857144 0.3991666651785714 0.19999999999999998 0.3408333348214286 0.19333333482142856 0.25083333482142856 0.19666666517857143 0.24916666517857142 0.39999999999999997
1 0.25083333482142856 0.42 0.24916666517857142 0.62 0.2525 0.64 0.4058333348214286 0.6366666651785715 0.4083333348214286 0.46499999999999997 0.4033333348214286 0.435 0.3841666651785714 0.4233333348214286 0.37083333482142855 0.43 0.3608333348214286 0.4166666651785714 0.25083333482142856 0.42
1 0.3975 0.8866666651785715 0.4116666651785715 0.8416666651785715 0.4116666651785715 0.7216666651785715 0.25583333482142856 0.7166666651785715 0.25083333482142856 0.9133333348214286 0.35583333482142854 0.9233333348214285 0.3975 0.8866666651785715
1 0.4108333348214286 1 0.4116666651785715 0.9683333348214286 0.4008333348214285 0.9466666651785715 0.37916666517857145 0.9400000000000001 0.2575 0.9366666651785714 0.25166666517857145 0.9450000000000001 0.2525 1 0.4108333348214286 1
1 0.21583333482142855 1 0.21833333482142855 0.9249999999999999 0.05916666517857143 0.9166666651785714 0.05583333482142857 1 0.21583333482142855 1
1 0.0625 0.6900000000000001 0.05666666517857143 0.7316666651785715 0.05583333482142857 0.86 0.05916666517857143 0.8966666651785714 0.17083333482142857 0.8966666651785714 0.1875 0.88 0.19249999999999998 0.8966666651785714 0.2125 0.9 0.22 0.8616666651785714 0.22 0.7016666651785715 0.0625 0.6900000000000001
1 0.05916666517857143 0.66 0.16583333482142856 0.6733333348214285 0.21916666517857145 0.6566666651785714 0.215 0.46499999999999997 0.20249999999999999 0.46 0.1875 0.4733333348214286 0.17083333482142857 0.45666666517857146 0.0625 0.45666666517857146 0.05916666517857143 0.66
1 0.05916666517857143 0.4033333348214286 0.06416666517857143 0.43666666517857144 0.16916666517857143 0.43333333482142855 0.19083333482142859 0.39999999999999997 0.19916666517857143 0.4066666651785714 0.215 0.38499999999999995 0.21666666517857142 0.24500000000000002 0.0625 0.22666666517857142 0.05916666517857143 0.4033333348214286
1 0.06083333482142857 0 0.05916666517857143 0.06666666517857142 0.06416666517857143 0.16666666517857145 0.1375 0.16666666517857145 0.1675 0.15 0.21583333482142855 0.15333333482142855 0.2233333348214286 0.14166666517857143 0.22083333482142858 0 0.06083333482142857 0
1 0.9658333348214285 0.14666666517857144 0.975 0.11166666517857142 0.9766666651785715 0.008333334821428572 0.8175 0 0.8175 0.09333333482142857 0.8208333348214286 0.12666666517857142 0.9658333348214285 0.14666666517857144