1 0.21333333482142858 0.03083333482142857 0.21333333482142858 0.17916666517857144 0.23 0.18583333482142855 0.4133333348214286 0.18416666517857141 0.42166666517857143 0.028333334821428573 0.265 0.02333333482142857 0.21333333482142858 0.03083333482142857
1 0.44166666517857145 0.02666666517857143 0.43666666517857144 0.18250000000000002 0.64 0.18583333482142855 0.6533333348214285 0.17250000000000001 0.65 0.03083333482142857 0.5483333348214285 0.02166666517857143 0.44166666517857145 0.02666666517857143
1 0.6966666651785715 0.0225 0.6966666651785715 0.16583333482142856 0.7016666651785715 0.17500000000000002 0.7266666651785715 0.17583333482142857 0.9033333348214285 0.17083333482142857 0.905 0.01833333482142857 0.7583333348214286 0.013333334821428572 0.6966666651785715 0.0225
1 1 0.012499999999999999 0.9683333348214286 0.011666665178571428 0.9266666651785714 0.019166665178571428 0.9299999999999999 0.16916666517857143 0.9933333348214285 0.17250000000000001 1 0.1675 1 0.012499999999999999
1 0.005 0.20833333482142855 0 0.37083333482142855 0.16 0.3725 0.16666666517857145 0.30583333482142855 0.15 0.23416666517857143 0.16333333482142856 0.2141666651785714 0.005 0.20833333482142855
1 0.2983333348214286 0.225 0.2233333348214286 0.2541666651785714 0.22 0.3691666651785714 0.41000000000000003 0.37083333482142855 0.42 0.3658333348214286 0.4233333348214286 0.26583333482142857 0.36500000000000005 0.23166666517857143 0.2983333348214286 0.225
1 0.47000000000000003 0.2391666651785714 0.4433333348214286 0.25083333482142856 0.4466666651785714 0.3675 0.6533333348214285 0.37083333482142855 0.6533333348214285 0.21916666517857145 0.545 0.21166666517857144 0.47500000000000003 0.22 0.47000000000000003 0.2391666651785714
1 0.7033333348214287 0.2725 0.7066666651785714 0.3625 0.8733333348214286 0.3658333348214286 0.9133333348214286 0.36416666517857144 0.91 0.2641666651785714 0.715 0.2616666651785714 0.7033333348214287 0.2725
1 1 0.39416666517857146 0.9883333348214285 0.39333333482142857 0.9616666651785714 0.39666666517857146 0.9400000000000001 0.4091666651785714 0.9400000000000001 0.5541666651785714 1 0.5558333348214285 1 0.4091666651785714 1 0.39416666517857146
1 0.8716666651785714 0.39333333482142857 0.7216666651785715 0.3983333348214286 0.72 0.5541666651785714 0.9133333348214286 0.5575 0.9233333348214285 0.5508333348214286 0.92 0.4291666651785714 0.91 0.4141666651785714 0.8716666651785714 0.39333333482142857
1 0.42 0.4608333348214286 0.4466666651785714 0.46749999999999997 0.425 0.47000000000000003 0.42 0.4775 0.4233333348214286 0.5591666651785714 0.6333333348214286 0.5608333348214286 0.6366666651785715 0.4041666651785714 0.4916666651785714 0.39999999999999997 0.435 0.4066666651785714 0.42 0.4608333348214286
1 0.3483333348214286 0.40499999999999997 0.2983333348214286 0.39999999999999997 0.20833333482142855 0.4033333348214286 0.20333333482142857 0.5591666651785714 0.39333333482142857 0.5608333348214286 0.39999999999999997 0.44749999999999995 0.38 0.41916666517857143 0.37166666517857144 0.42166666517857143 0.3483333348214286 0.40499999999999997
1 0.0016666651785714286 0.39999999999999997 0 0.5541666651785714 0.034999999999999996 0.5599999999999999 0.17333333482142857 0.5591666651785714 0.1766666651785714 0.4525 0.15666666517857145 0.42750000000000005 0.15666666517857145 0.4008333348214285 0.0016666651785714286 0.39999999999999997
1 0.008333334821428572 0.5916666651785715 0 0.7391666651785714 0.03166666517857143 0.745 0.16 0.7441666651785714 0.16666666517857145 0.6391666651785715 0.15666666517857145 0.6041666651785714 0.13499999999999998 0.5916666651785715 0.008333334821428572 0.5916666651785715
1 0.21166666517857144 0.5933333348214286 0.19999999999999998 0.6008333348214286 0.19333333482142856 0.6591666651785715 0.19666666517857143 0.7491666651785714 0.39999999999999997 0.7508333348214286 0.4033333348214286 0.6358333348214286 0.3833333348214286 0.6075 0.3516666651785714 0.5916666651785715 0.21166666517857144 0.5933333348214286
1 0.435 0.5966666651785715 0.4233333348214286 0.6158333348214285 0.43 0.6291666651785714 0.4166666651785714 0.6391666651785715 0.42 0.7491666651785714 0.62 0.7508333348214286 0.64 0.7474999999999999 0.6366666651785715 0.5941666651785714 0.46499999999999997 0.5916666651785715 0.435 0.5966666651785715
1 0.7216666651785715 0.5883333348214286 0.7166666651785715 0.7441666651785714 0.9133333348214286 0.7491666651785714 0.9233333348214285 0.6441666651785714 0.8866666651785715 0.6025 0.8416666651785715 0.5883333348214286 0.7216666651785715 0.5883333348214286
1 1 0.5891666651785714 0.9683333348214286 0.5883333348214286 0.9466666651785715 0.5991666651785714 0.9400000000000001 0.6208333348214286 0.9366666651785714 0.7424999999999999 0.9450000000000001 0.7483333348214286 1 0.7474999999999999 1 0.5891666651785714
1 1 0.7841666651785715 0.9249999999999999 0.7816666651785714 0.9166666651785714 0.9408333348214286 1 0.9441666651785715 1 0.7841666651785715
1 0.8966666651785714 0.8075 0.9 0.7875 0.8616666651785714 0.78 0.7016666651785715 0.78 0.6900000000000001 0.9375 0.7316666651785715 0.9433333348214286 0.86 0.9441666651785715 0.8966666651785714 0.9408333348214286 0.8966666651785714 0.8291666651785714 0.88 0.8125 0.8966666651785714 0.8075
1 0.46 0.7975 0.4733333348214286 0.8125 0.45666666517857146 0.8291666651785714 0.45666666517857146 0.9375 0.66 0.9408333348214286 0.6733333348214285 0.8341666651785714 0.6566666651785714 0.7808333348214286 0.46499999999999997 0.785 0.46 0.7975
1 0.4066666651785714 0.8008333348214285 0.38499999999999995 0.785 0.24500000000000002 0.7833333348214285 0.22666666517857142 0.9375 0.4033333348214286 0.9408333348214286 0.43666666517857144 0.9358333348214286 0.43333333482142855 0.8308333348214285 0.39999999999999997 0.8091666651785714 0.4066666651785714 0.8008333348214285
1 0 0.9391666651785714 0.06666666517857142 0.9408333348214286 0.16666666517857145 0.9358333348214286 0.16666666517857145 0.8624999999999999 0.15 0.8324999999999999 0.15333333482142855 0.7841666651785715 0.14166666517857143 0.7766666651785714 0 0.7791666651785715 0 0.9391666651785714
1 0.008333334821428572 0.02333333482142857 0 0.18250000000000002 0.09333333482142857 0.18250000000000002 0.12666666517857142 0.17916666517857144 0.14666666517857144 0.03416666517857143 0.11166666517857142 0.024999999999999998 0.008333334821428572 0.02333333482142857