1 0.4574468080357143 0.63386525 0.4734042544642857 0.6941489375 0.5006648928571429 0.7375886517857142 0.5352393616071429 0.7624113482142858 0.5791223392857142 0.7677304955357143 0.62167553125 0.75 0.6542553169642857 0.7171985803571428 0.6768617008928571 0.6657801428571428 0.6828457455357143 0.6099290758928572 0.6715425535714286 0.5381205669642857 0.6469414910714286 0.4946808526785714 0.6097074464285714 0.4627659553571429 0.5644946830357143 0.4539007098214286 0.5166223392857143 0.4734042544642857 0.4813829776785714 0.5132978705357143 0.4627659553571429 0.5629432633928572 0.4574468080357143 0.63386525
1 0.21409574553571428 0.8767730491071429 0.21143616964285714 0.9228723392857142 0.21542553125 0.9512411339285715 0.22473404464285715 0.9813829776785715 0.24002659375 1 0.3198138303571429 0.9982269508928571 0.3351063839285714 0.9565602857142858 0.3357712767857143 0.9219858169642857 0.3297872321428571 0.88386525 0.3178191473214286 0.8554964553571428 0.3011968080357143 0.8333333348214286 0.2799202142857143 0.8191489375 0.25731383035714284 0.8173758883928571 0.24135638392857145 0.8262411339285715 0.22473404464285715 0.8466312053571429 0.21409574553571428 0.8767730491071429
1 0.6682180848214285 1 0.6682180848214285 0.9893617008928571 0.65292553125 0.9423758883928571 0.62832446875 0.9024822678571428 0.5698138303571428 0.8599290758928572 0.5246010625 0.8563829776785715 0.5059840446428571 0.8634751785714286 0.4773936160714286 0.8891843973214285 0.4627659553571429 0.9281914910714286 0.4614361696428571 0.9618794330357143 0.4714095758928571 1 0.6682180848214285 1
1 0.9022606383928571 0.9414893616071429 0.8517287232142857 0.9503546116071429 0.8251329776785715 0.9716312053571429 0.8098404241071429 0.995567375 0.9900265937499999 0.9982269508928571 0.9514627678571428 0.9609929062499999 0.9022606383928571 0.9414893616071429
1 0.8982712767857143 0.71985815625 0.9222074464285714 0.7322695044642857 0.9621010625 0.74113475 0.9993351071428572 0.7393617008928571 0.9993351071428572 0.5248226964285714 0.9594414910714286 0.5230496473214286 0.9315159553571428 0.53014184375 0.8956117008928571 0.5496453883928571 0.87167553125 0.5744680848214285 0.8523936160714286 0.625 0.8537234062500001 0.6498226964285714 0.8670212767857143 0.6888297857142858 0.8982712767857143 0.71985815625
1 0.6429521294642857 0 0.6409574464285714 0.009751772321428572 0.6635638303571428 0.07712766071428571 0.6948138303571428 0.11524822767857143 0.7360372321428572 0.1418439732142857 0.7892287232142857 0.1471631205357143 0.8331117008928571 0.129432625 0.87167553125 0.09751773214285715 0.90957446875 0.04166666517857143 0.9235372321428572 0 0.6429521294642857 0
1 0.5239361696428572 0.26507092410714284 0.52792553125 0.3129432633928571 0.5398936160714286 0.3395390089285714 0.5738031919642858 0.37411347321428573 0.6203457455357143 0.3953900714285714 0.6602393616071429 0.3953900714285714 0.7001329776785715 0.37588652678571427 0.7234042544642857 0.34485815625 0.7327127678571428 0.3147163125 0.7333776607142858 0.2907801428571429 0.7234042544642857 0.2491134732142857 0.7001329776785715 0.21276595535714285 0.6682180848214285 0.18794326339285714 0.6349734062500001 0.17375886607142857 0.5884308526785714 0.1773049642857143 0.5631648928571429 0.19148936160714286 0.5385638303571428 0.2189716294642857 0.5239361696428572 0.26507092410714284
1 0.25997340625 0.3776595758928571 0.3038563839285714 0.3918439732142857 0.3410904241071429 0.3971631205357143 0.3809840446428571 0.3918439732142857 0.4055851071428571 0.3732269508928571 0.40625 0.3563829776785714 0.3809840446428571 0.3191489375 0.3131648928571429 0.2872340446428571 0.22007978571428571 0.2854609910714286 0.19614361607142855 0.2960992901785714 0.18882978571428571 0.3147163125 0.19281914732142855 0.3289007098214286 0.21476063839285714 0.3528368794642857 0.25997340625 0.3776595758928571
1 0.011968084821428571 0.5966312053571429 0.03723404464285714 0.65514184375 0.06582446875 0.6843971651785715 0.09640957589285715 0.6879432633928572 0.12101063839285715 0.6657801428571428 0.13563829910714284 0.625 0.13630319196428572 0.5797872321428572 0.12632978571428571 0.5292553169642857 0.11037233928571429 0.4937943258928571 0.07513297767857142 0.4592198571428571 0.05119680803571429 0.4574468080357143 0.03390957589285714 0.4663120580357143 0.013297870535714285 0.5026595758928571 0.007978723214285714 0.5328014196428571 0.011968084821428571 0.5966312053571429
1 0.21343085267857145 0.65957446875 0.2333776607142857 0.6737588660714285 0.2692819151785714 0.6702127678571428 0.2985372321428571 0.6560283705357143 0.3444148928571429 0.6108156026785715 0.3563829776785714 0.5842198571428572 0.35837766071428573 0.5514184375 0.3464095758928571 0.5283687946428571 0.32247340625 0.5177304955357143 0.29188829910714287 0.52127659375 0.26529255357142856 0.5336879419642857 0.21808510714285714 0.5806737589285714 0.20611702232142856 0.6108156026785715 0.20478723214285716 0.6427304955357143 0.21343085267857145 0.65957446875
1 0.06848404464285715 0.8528368794642857 0 0.8324468080357142 0.00332446875 0.8581560267857142 0.049867022321428575 0.8847517723214285 0.13231383035714286 0.9148936160714286 0.14428191517857145 0.9131205669642857 0.14561170089285716 0.9024822678571428 0.06848404464285715 0.8528368794642857
1 0.06582446875 0.17021276785714284 0.10704787053571428 0.1418439732142857 0.14893616964285714 0.09840425446428572 0.15957446875 0.08067375892857143 0.1628989375 0.06205673660714286 0.1496010625 0.05319149107142857 0.11635638392857142 0.0602836875 0.07912233928571429 0.07801418303571428 0.0378989375 0.10815602678571427 0.0013297857142857143 0.14450354464285714 0 0.19237588839285716 0.021941491071428572 0.1897163125 0.06582446875 0.17021276785714284
1 0.0006648928571428572 0.3563829776785714 0 0.3696808526785714 0.10837766071428571 0.370567375 0.13231383035714286 0.3670212767857143 0.13231383035714286 0.3599290758928571 0.04454787053571429 0.3528368794642857 0.0006648928571428572 0.3563829776785714
1 0.3942819151785714 0.02482269642857143 0.25398936160714286 0.07535461160714285 0.25731383035714284 0.08156028571428572 0.2759308526785714 0.08156028571428572 0.3769946830357143 0.05851063839285714 0.4222074464285714 0.03900709375 0.43417553125 0.02127659375 0.3942819151785714 0.02482269642857143
1 0.9707446830357143 0.3289007098214286 0.99667553125 0.3581560267857143 0.9993351071428572 0.2163120580357143 0.9787234062500001 0.245567375 0.9640957455357143 0.2863475178571429 0.9707446830357143 0.3289007098214286