1 0.5425531919642858 0.36613475 0.5265957455357143 0.3058510625 0.4993351071428571 0.2624113482142857 0.46476063839285714 0.23758865178571428 0.42087766071428573 0.2322695044642857 0.37832446875 0.25 0.3457446830357143 0.28280141964285715 0.32313829910714287 0.3342198571428571 0.3171542544642857 0.3900709241071429 0.3284574464285714 0.46187943303571427 0.35305850892857144 0.5053191473214286 0.3902925535714286 0.5372340446428571 0.4355053169642857 0.5460992901785714 0.48337766071428573 0.5265957455357143 0.5186170223214286 0.4867021294642857 0.5372340446428571 0.4370567366071429 0.5425531919642858 0.36613475
1 0.7859042544642857 0.12322695089285715 0.7885638303571428 0.07712766071428571 0.78457446875 0.048758866071428576 0.7752659553571428 0.01861702232142857 0.7599734062500001 0 0.6801861696428572 0.0017730491071428572 0.6648936160714286 0.04343971428571429 0.6642287232142857 0.07801418303571428 0.6702127678571428 0.11613475 0.6821808526785714 0.14450354464285714 0.6988031919642858 0.16666666517857145 0.7200797857142858 0.1808510625 0.7426861696428572 0.18262411160714284 0.7586436160714286 0.17375886607142857 0.7752659553571428 0.15336879464285716 0.7859042544642857 0.12322695089285715
1 0.3317819151785714 0 0.3317819151785714 0.010638299107142857 0.34707446875 0.057624111607142856 0.37167553125 0.09751773214285715 0.4301861696428571 0.14007092410714286 0.4753989375 0.14361702232142856 0.4940159553571429 0.13652482142857142 0.5226063839285714 0.11081560267857142 0.5372340446428571 0.07180850892857142 0.5385638303571428 0.038120566964285715 0.5285904241071429 0 0.3317819151785714 0
1 0.09773936160714285 0.05851063839285714 0.1482712767857143 0.04964538839285714 0.17486702232142856 0.028368794642857142 0.19015957589285715 0.004432625 0.009973406249999999 0.0017730491071428572 0.04853723214285714 0.03900709375 0.09773936160714285 0.05851063839285714
1 0.10172872321428572 0.28014184375 0.07779255357142857 0.2677304955357143 0.0378989375 0.25886525 0.0006648928571428572 0.26063829910714287 0.0006648928571428572 0.47517730357142857 0.04055850892857143 0.4769503526785714 0.06848404464285715 0.46985815625 0.10438829910714285 0.4503546116071429 0.12832446875 0.4255319151785714 0.14760638392857145 0.375 0.14627659375 0.35017730357142857 0.13297872321428572 0.3111702142857143 0.10172872321428572 0.28014184375
1 0.3570478705357143 1 0.3590425535714286 0.9902482276785715 0.3364361696428571 0.9228723392857142 0.3051861696428571 0.8847517723214285 0.26396276785714284 0.8581560267857142 0.2107712767857143 0.8528368794642857 0.16688829910714284 0.870567375 0.12832446875 0.9024822678571428 0.09042553125 0.9583333348214286 0.07646276785714286 1 0.3570478705357143 1
1 0.4760638303571429 0.7349290758928572 0.47207446875 0.6870567366071428 0.4601063839285714 0.6604609910714286 0.4261968080357143 0.6258865267857142 0.3796542544642857 0.6046099285714286 0.33976063839285714 0.6046099285714286 0.2998670223214286 0.6241134732142858 0.2765957455357143 0.65514184375 0.26728723214285716 0.6852836875 0.26662233928571427 0.7092198571428572 0.2765957455357143 0.7508865267857142 0.2998670223214286 0.7872340446428572 0.3317819151785714 0.8120567366071428 0.36502659375 0.8262411339285715 0.4115691473214286 0.8226950357142858 0.4368351071428571 0.8085106383928571 0.4614361696428571 0.7810283705357143 0.4760638303571429 0.7349290758928572
1 0.7400265937499999 0.6223404241071429 0.6961436160714286 0.6081560267857142 0.6589095758928571 0.6028368794642857 0.6190159553571428 0.6081560267857142 0.5944148928571428 0.6267730491071429 0.59375 0.6436170223214285 0.6190159553571428 0.6808510625 0.6868351071428572 0.7127659553571428 0.7799202142857142 0.7145390089285714 0.8038563839285714 0.7039007098214285 0.8111702142857142 0.6852836875 0.8071808526785714 0.6710992901785715 0.7852393616071429 0.6471631205357143 0.7400265937499999 0.6223404241071429
1 0.9880319151785715 0.40336879464285713 0.9627659553571428 0.34485815625 0.93417553125 0.3156028348214286 0.9035904241071429 0.3120567366071429 0.8789893616071429 0.3342198571428571 0.8643617008928571 0.375 0.8636968080357142 0.4202127678571429 0.8736702142857142 0.4707446830357143 0.8896276607142858 0.5062056741071429 0.9248670223214285 0.5407801428571429 0.9488031919642858 0.5425531919642858 0.9660904241071429 0.5336879419642857 0.9867021294642857 0.4973404241071429 0.9920212767857143 0.4671985803571429 0.9880319151785715 0.40336879464285713
1 0.7865691473214286 0.34042553125 0.7666223392857142 0.3262411339285714 0.7307180848214285 0.3297872321428571 0.7014627678571428 0.3439716294642857 0.6555851071428572 0.38918439732142857 0.6436170223214285 0.4157801428571429 0.6416223392857142 0.4485815625 0.6535904241071429 0.47163120535714287 0.6775265937499999 0.4822695044642857 0.7081117008928571 0.47872340625 0.7347074464285714 0.4663120580357143 0.7819148928571428 0.4193262410714286 0.7938829776785715 0.38918439732142857 0.7952127678571428 0.3572695044642857 0.7865691473214286 0.34042553125
1 0.9315159553571428 0.1471631205357143 1 0.1675531919642857 0.99667553125 0.1418439732142857 0.9501329776785715 0.11524822767857143 0.8676861696428572 0.08510638392857142 0.8557180848214285 0.08687943303571428 0.8543882991071429 0.09751773214285715 0.9315159553571428 0.1471631205357143
1 0.93417553125 0.8297872321428572 0.8929521294642857 0.8581560267857142 0.8510638303571428 0.9015957455357143 0.84042553125 0.9193262410714286 0.8371010625 0.9379432633928572 0.8503989375 0.9468085089285714 0.8836436160714286 0.9397163125 0.9208776607142858 0.9219858169642857 0.9621010625 0.8918439732142858 0.9986702142857142 0.8554964553571428 1 0.8076241116071429 0.9780585089285714 0.8102836875 0.93417553125 0.8297872321428572
1 0.9993351071428572 0.6436170223214285 1 0.6303191473214286 0.8916223392857142 0.629432625 0.8676861696428572 0.6329787232142857 0.8676861696428572 0.6400709241071428 0.9554521294642857 0.6471631205357143 0.9993351071428572 0.6436170223214285
1 0.6057180848214285 0.9751773035714286 0.7460106383928571 0.9246453883928571 0.7426861696428572 0.9184397142857142 0.7240691473214286 0.9184397142857142 0.6230053169642857 0.9414893616071429 0.5777925535714286 0.9609929062499999 0.56582446875 0.9787234062500001 0.6057180848214285 0.9751773035714286
1 0.029255316964285714 0.6710992901785715 0.00332446875 0.6418439732142858 0.0006648928571428572 0.7836879419642857 0.02127659375 0.754432625 0.03590425446428571 0.7136524821428571 0.029255316964285714 0.6710992901785715