1 0.5460992901785714 0.5644946830357143 0.5265957455357143 0.5166223392857143 0.4867021294642857 0.4813829776785714 0.4370567366071429 0.4627659553571429 0.36613475 0.4574468080357143 0.3058510625 0.4734042544642857 0.2624113482142857 0.5006648928571429 0.23758865178571428 0.5352393616071429 0.2322695044642857 0.5791223392857142 0.25 0.62167553125 0.28280141964285715 0.6542553169642857 0.3342198571428571 0.6768617008928571 0.3900709241071429 0.6828457455357143 0.46187943303571427 0.6715425535714286 0.5053191473214286 0.6469414910714286 0.5372340446428571 0.6097074464285714 0.5460992901785714 0.5644946830357143
1 0.1808510625 0.2799202142857143 0.18262411160714284 0.25731383035714284 0.17375886607142857 0.24135638392857145 0.15336879464285716 0.22473404464285715 0.12322695089285715 0.21409574553571428 0.07712766071428571 0.21143616964285714 0.048758866071428576 0.21542553125 0.01861702232142857 0.22473404464285715 0 0.24002659375 0.0017730491071428572 0.3198138303571429 0.04343971428571429 0.3351063839285714 0.07801418303571428 0.3357712767857143 0.11613475 0.3297872321428571 0.14450354464285714 0.3178191473214286 0.16666666517857145 0.3011968080357143 0.1808510625 0.2799202142857143
1 0 0.6682180848214285 0.010638299107142857 0.6682180848214285 0.057624111607142856 0.65292553125 0.09751773214285715 0.62832446875 0.14007092410714286 0.5698138303571428 0.14361702232142856 0.5246010625 0.13652482142857142 0.5059840446428571 0.11081560267857142 0.4773936160714286 0.07180850892857142 0.4627659553571429 0.038120566964285715 0.4614361696428571 0 0.4714095758928571 0 0.6682180848214285
1 0.028368794642857142 0.8251329776785715 0.004432625 0.8098404241071429 0.0017730491071428572 0.9900265937499999 0.03900709375 0.9514627678571428 0.05851063839285714 0.9022606383928571 0.04964538839285714 0.8517287232142857 0.028368794642857142 0.8251329776785715
1 0.4255319151785714 0.87167553125 0.375 0.8523936160714286 0.35017730357142857 0.8537234062500001 0.3111702142857143 0.8670212767857143 0.28014184375 0.8982712767857143 0.2677304955357143 0.9222074464285714 0.25886525 0.9621010625 0.26063829910714287 0.9993351071428572 0.47517730357142857 0.9993351071428572 0.4769503526785714 0.9594414910714286 0.46985815625 0.9315159553571428 0.4503546116071429 0.8956117008928571 0.4255319151785714 0.87167553125
1 1 0.6429521294642857 0.9902482276785715 0.6409574464285714 0.9228723392857142 0.6635638303571428 0.8847517723214285 0.6948138303571428 0.8581560267857142 0.7360372321428572 0.8528368794642857 0.7892287232142857 0.870567375 0.8331117008928571 0.9024822678571428 0.87167553125 0.9583333348214286 0.90957446875 1 0.9235372321428572 1 0.6429521294642857
1 0.8262411339285715 0.6349734062500001 0.8226950357142858 0.5884308526785714 0.8085106383928571 0.5631648928571429 0.7810283705357143 0.5385638303571428 0.7349290758928572 0.5239361696428572 0.6870567366071428 0.52792553125 0.6604609910714286 0.5398936160714286 0.6258865267857142 0.5738031919642858 0.6046099285714286 0.6203457455357143 0.6046099285714286 0.6602393616071429 0.6241134732142858 0.7001329776785715 0.65514184375 0.7234042544642857 0.6852836875 0.7327127678571428 0.7092198571428572 0.7333776607142858 0.7508865267857142 0.7234042544642857 0.7872340446428572 0.7001329776785715 0.8120567366071428 0.6682180848214285 0.8262411339285715 0.6349734062500001
1 0.7039007098214285 0.19614361607142855 0.6852836875 0.18882978571428571 0.6710992901785715 0.19281914732142855 0.6471631205357143 0.21476063839285714 0.6223404241071429 0.25997340625 0.6081560267857142 0.3038563839285714 0.6028368794642857 0.3410904241071429 0.6081560267857142 0.3809840446428571 0.6267730491071429 0.4055851071428571 0.6436170223214285 0.40625 0.6808510625 0.3809840446428571 0.7127659553571428 0.3131648928571429 0.7145390089285714 0.22007978571428571 0.7039007098214285 0.19614361607142855
1 0.5425531919642858 0.05119680803571429 0.5336879419642857 0.03390957589285714 0.4973404241071429 0.013297870535714285 0.4671985803571429 0.007978723214285714 0.40336879464285713 0.011968084821428571 0.34485815625 0.03723404464285714 0.3156028348214286 0.06582446875 0.3120567366071429 0.09640957589285715 0.3342198571428571 0.12101063839285715 0.375 0.13563829910714284 0.4202127678571429 0.13630319196428572 0.4707446830357143 0.12632978571428571 0.5062056741071429 0.11037233928571429 0.5407801428571429 0.07513297767857142 0.5425531919642858 0.05119680803571429
1 0.4663120580357143 0.26529255357142856 0.4193262410714286 0.21808510714285714 0.38918439732142857 0.20611702232142856 0.3572695044642857 0.20478723214285716 0.34042553125 0.21343085267857145 0.3262411339285714 0.2333776607142857 0.3297872321428571 0.2692819151785714 0.3439716294642857 0.2985372321428571 0.38918439732142857 0.3444148928571429 0.4157801428571429 0.3563829776785714 0.4485815625 0.35837766071428573 0.47163120535714287 0.3464095758928571 0.4822695044642857 0.32247340625 0.47872340625 0.29188829910714287 0.4663120580357143 0.26529255357142856
1 0.11524822767857143 0.049867022321428575 0.08510638392857142 0.13231383035714286 0.08687943303571428 0.14428191517857145 0.09751773214285715 0.14561170089285716 0.1471631205357143 0.06848404464285715 0.1675531919642857 0 0.1418439732142857 0.00332446875 0.11524822767857143 0.049867022321428575
1 0.8918439732142858 0.0378989375 0.8554964553571428 0.0013297857142857143 0.8076241116071429 0 0.8102836875 0.021941491071428572 0.8297872321428572 0.06582446875 0.8581560267857142 0.10704787053571428 0.9015957455357143 0.14893616964285714 0.9193262410714286 0.15957446875 0.9379432633928572 0.1628989375 0.9468085089285714 0.1496010625 0.9397163125 0.11635638392857142 0.9219858169642857 0.07912233928571429 0.8918439732142858 0.0378989375
1 0.629432625 0.10837766071428571 0.6329787232142857 0.13231383035714286 0.6400709241071428 0.13231383035714286 0.6471631205357143 0.04454787053571429 0.6436170223214285 0.0006648928571428572 0.6303191473214286 0 0.629432625 0.10837766071428571
1 0.9184397142857142 0.2759308526785714 0.9414893616071429 0.3769946830357143 0.9609929062499999 0.4222074464285714 0.9787234062500001 0.43417553125 0.9751773035714286 0.3942819151785714 0.9246453883928571 0.25398936160714286 0.9184397142857142 0.25731383035714284 0.9184397142857142 0.2759308526785714
1 0.6418439732142858 0.99667553125 0.7836879419642857 0.9993351071428572 0.754432625 0.9787234062500001 0.7136524821428571 0.9640957455357143 0.6710992901785715 0.9707446830357143 0.6418439732142858 0.99667553125