1 0.02333333482142857 0.562 0.10333333482142858 0.758 0.12833333482142856 0.788 0.17500000000000002 0.772 0.24333333482142858 0.798 0.29333333482142854 0.7699999999999999 0.25666666517857145 0.47800000000000004 0.21833333482142855 0.452 0.16166666517857142 0.464 0.12166666517857143 0.42 0.06166666517857143 0.428 0.02666666517857143 0.47800000000000004 0.02333333482142857 0.562
1 0.12333333482142858 0.406 0.1683333348214286 0.452 0.21166666517857144 0.448 0.26 0.466 0.29 0.398 0.32 0.374 0.29666666517857143 0.322 0.25833333482142856 0.288 0.1983333348214286 0.26799999999999996 0.13499999999999998 0.27599999999999997 0.11 0.326 0.12333333482142858 0.406
1 0.26999999999999996 0.446 0.26333333482142857 0.542 0.3 0.7300000000000001 0.335 0.76 0.37333333482142855 0.758 0.43666666517857144 0.7380000000000001 0.45 0.6980000000000001 0.45 0.53 0.4166666651785714 0.42600000000000005 0.38166666517857145 0.388 0.325 0.376 0.29666666517857143 0.394 0.26999999999999996 0.446
1 0.4733333348214286 0.41800000000000004 0.5066666651785715 0.43 0.5966666651785715 0.386 0.5866666651785714 0.294 0.5433333348214285 0.146 0.5083333348214286 0.108 0.44833333482142856 0.09999999999999999 0.41000000000000003 0.146 0.4033333348214286 0.258 0.4733333348214286 0.41800000000000004
1 0.3366666651785714 0.322 0.39999999999999997 0.27799999999999997 0.4033333348214286 0.078 0.36833333482142855 0.004 0.2616666651785714 0 0.24 0.046 0.24333333482142858 0.11 0.32 0.306 0.3366666651785714 0.322
1 0.5116666651785714 0.108 0.5599999999999999 0.16599999999999998 0.5766666651785715 0.074 0.5483333348214285 0 0.42 0.006 0.4066666651785714 0.049999999999999996 0.4116666651785715 0.128 0.445 0.09999999999999999 0.48166666517857143 0.096 0.5116666651785714 0.108
1 0.62 0.33 0.6783333348214285 0.32399999999999995 0.74 0.286 0.7166666651785715 0.102 0.6583333348214285 0.044 0.6016666651785715 0.056 0.5633333348214286 0.13399999999999998 0.6 0.322 0.62 0.33
1 0.7699999999999999 0.306 0.7833333348214285 0.35000000000000003 0.8066666651785714 0.362 0.8683333348214285 0.32 0.9299999999999999 0.314 0.9233333348214285 0.178 0.8949999999999999 0.128 0.865 0.112 0.7916666651785714 0.12 0.7566666651785715 0.182 0.7699999999999999 0.306
1 0.83 0.47800000000000004 0.8200000000000001 0.618 0.8316666651785714 0.636 0.8633333348214285 0.634 0.9216666651785713 0.632 0.9666666651785715 0.574 0.9733333348214286 0.42200000000000004 0.96 0.374 0.9249999999999999 0.32799999999999996 0.8583333348214286 0.32799999999999996 0.8099999999999999 0.406 0.83 0.47800000000000004
1 0.6633333348214286 0.47400000000000003 0.67 0.682 0.6866666651785714 0.7060000000000001 0.7716666651785714 0.704 0.8016666651785714 0.688 0.8099999999999999 0.666 0.8233333348214286 0.47800000000000004 0.8033333348214285 0.42200000000000004 0.765 0.392 0.6983333348214286 0.40399999999999997 0.6633333348214286 0.47400000000000003
1 0.4633333348214285 0.742 0.5066666651785715 0.894 0.5316666651785714 0.912 0.5633333348214286 0.91 0.6083333348214286 0.896 0.62 0.874 0.6166666651785714 0.5780000000000001 0.585 0.528 0.515 0.52 0.4883333348214286 0.532 0.47000000000000003 0.5700000000000001 0.4633333348214285 0.742