1 0.438 0.02333333482142857 0.242 0.10333333482142858 0.212 0.12833333482142856 0.228 0.17500000000000002 0.20199999999999999 0.24333333482142858 0.23 0.29333333482142854 0.522 0.25666666517857145 0.5479999999999999 0.21833333482142855 0.5359999999999999 0.16166666517857142 0.58 0.12166666517857143 0.572 0.06166666517857143 0.522 0.02666666517857143 0.438 0.02333333482142857
1 0.5940000000000001 0.12333333482142858 0.5479999999999999 0.1683333348214286 0.5519999999999999 0.21166666517857144 0.534 0.26 0.6020000000000001 0.29 0.626 0.32 0.678 0.29666666517857143 0.712 0.25833333482142856 0.732 0.1983333348214286 0.724 0.13499999999999998 0.674 0.11 0.5940000000000001 0.12333333482142858
1 0.554 0.26999999999999996 0.458 0.26333333482142857 0.26999999999999996 0.3 0.24 0.335 0.242 0.37333333482142855 0.262 0.43666666517857144 0.302 0.45 0.47000000000000003 0.45 0.574 0.4166666651785714 0.612 0.38166666517857145 0.624 0.325 0.606 0.29666666517857143 0.554 0.26999999999999996
1 0.582 0.4733333348214286 0.5700000000000001 0.5066666651785715 0.614 0.5966666651785715 0.7060000000000001 0.5866666651785714 0.854 0.5433333348214285 0.892 0.5083333348214286 0.9 0.44833333482142856 0.854 0.41000000000000003 0.742 0.4033333348214286 0.582 0.4733333348214286
1 0.678 0.3366666651785714 0.7220000000000001 0.39999999999999997 0.9219999999999999 0.4033333348214286 0.9960000000000001 0.36833333482142855 1 0.2616666651785714 0.954 0.24 0.89 0.24333333482142858 0.694 0.32 0.678 0.3366666651785714
1 0.892 0.5116666651785714 0.834 0.5599999999999999 0.926 0.5766666651785715 1 0.5483333348214285 0.994 0.42 0.9500000000000001 0.4066666651785714 0.872 0.4116666651785715 0.9 0.445 0.904 0.48166666517857143 0.892 0.5116666651785714
1 0.67 0.62 0.676 0.6783333348214285 0.7140000000000001 0.74 0.8979999999999999 0.7166666651785715 0.9560000000000001 0.6583333348214285 0.944 0.6016666651785715 0.866 0.5633333348214286 0.678 0.6 0.67 0.62
1 0.694 0.7699999999999999 0.65 0.7833333348214285 0.638 0.8066666651785714 0.6799999999999999 0.8683333348214285 0.6859999999999999 0.9299999999999999 0.822 0.9233333348214285 0.872 0.8949999999999999 0.888 0.865 0.88 0.7916666651785714 0.818 0.7566666651785715 0.694 0.7699999999999999
1 0.522 0.83 0.382 0.8200000000000001 0.364 0.8316666651785714 0.366 0.8633333348214285 0.368 0.9216666651785713 0.42600000000000005 0.9666666651785715 0.5780000000000001 0.9733333348214286 0.626 0.96 0.6719999999999999 0.9249999999999999 0.6719999999999999 0.8583333348214286 0.5940000000000001 0.8099999999999999 0.522 0.83
1 0.526 0.6633333348214286 0.318 0.67 0.294 0.6866666651785714 0.296 0.7716666651785714 0.312 0.8016666651785714 0.334 0.8099999999999999 0.522 0.8233333348214286 0.5780000000000001 0.8033333348214285 0.608 0.765 0.596 0.6983333348214286 0.526 0.6633333348214286
1 0.258 0.4633333348214285 0.106 0.5066666651785715 0.088 0.5316666651785714 0.09 0.5633333348214286 0.104 0.6083333348214286 0.126 0.62 0.42200000000000004 0.6166666651785714 0.472 0.585 0.48 0.515 0.46799999999999997 0.4883333348214286 0.43 0.47000000000000003 0.258 0.4633333348214285