3 0.69278996875 0.443 0.644200625 0.42 0.49373040625000003 0.424 0.4733542321428571 0.433 0.4796238258928572 0.483 0.45924764732142853 0.53 0.5172413794642857 0.551 0.5752351116071429 0.62 0.6630094062499999 0.61 0.7021943571428572 0.5890000000000001 0.7210031339285715 0.563 0.7272727276785714 0.493 0.7178683392857143 0.47100000000000003 0.69278996875 0.443
3 0.9310344821428572 0.519 0.8824451428571428 0.488 0.7319749196428571 0.48600000000000004 0.7304075223214286 0.539 0.7147335401785714 0.577 0.6912225714285715 0.6 0.6473354241071428 0.618 0.7382445133928571 0.64 0.7758620669642857 0.67 0.8636363616071429 0.668 0.8981191205357143 0.66 0.9310344821428572 0.635 0.9498432589285715 0.599 0.9467084642857142 0.551 0.9310344821428572 0.519
3 0.771159875 0.6669999999999999 0.7413793125 0.644 0.6880877723214286 0.628 0.6379310357142858 0.622 0.57836990625 0.626 0.5705329151785714 0.6890000000000001 0.49373040625000003 0.744 0.5877742946428571 0.776 0.6300940446428571 0.803 0.6473354241071428 0.834 0.6786833839285714 0.834 0.7257053303571429 0.818 0.7742946696428571 0.777 0.7868338571428571 0.701 0.771159875 0.6669999999999999
3 0.9278996875 0.7110000000000001 0.8573667723214287 0.678 0.7852664598214286 0.678 0.7899686517857143 0.731 0.7774294687500001 0.779 0.7586206875 0.801 0.7068965535714286 0.83 0.65047021875 0.838 0.6473354241071428 0.858 0.6724137946428571 0.88 0.7225705312499999 0.89 0.8166144196428571 0.886 0.9137931026785714 0.86 0.9435736696428572 0.8310000000000001 0.9561128526785714 0.791 0.9498432589285715 0.743 0.9278996875 0.7110000000000001
3 0.6363636383928571 0.821 0.6144200625 0.795 0.5752351116071429 0.772 0.49373040625000003 0.7460000000000001 0.34952978124999995 0.7619999999999999 0.29467084821428574 0.7889999999999999 0.2664576785714286 0.8230000000000001 0.2586206875 0.884 0.2758620669642857 0.9269999999999999 0.3275862053571429 0.9580000000000001 0.40282131696428575 0.9800000000000001 0.5 0.986 0.5689655178571429 0.9640000000000001 0.6112852678571429 0.9349999999999999 0.6426332276785713 0.877 0.6363636383928571 0.821
3 0.5673981205357143 0.6210000000000001 0.5235109732142857 0.5589999999999999 0.4905956116071429 0.5399999999999999 0.45611285267857143 0.538 0.31191222767857146 0.59 0.19278996875 0.588 0.17241379464285717 0.617 0.17084639285714287 0.65 0.2037617544642857 0.715 0.24921629910714288 0.744 0.3181818169642857 0.76 0.38401254017857145 0.758 0.45924764732142853 0.7460000000000001 0.5360501562500001 0.713 0.5611285267857143 0.681 0.5673981205357143 0.6210000000000001
3 0.4733542321428571 0.441 0.43260187946428574 0.38099999999999995 0.38401254017857145 0.35400000000000004 0.2460815044642857 0.344 0.14576802678571427 0.37 0.09404388839285714 0.40099999999999997 0.0721003125 0.44899999999999995 0.07366770982142858 0.484 0.0971786830357143 0.527 0.15203761607142857 0.568 0.21473354017857144 0.5860000000000001 0.2993730401785714 0.5860000000000001 0.36833855803571425 0.572 0.45141065625000004 0.529 0.4733542321428571 0.497 0.4733542321428571 0.441
3 0.3902821294642857 0.132 0.2460815044642857 0.122 0.12382445089285714 0.124 0.09404388839285714 0.13499999999999998 0.056426330357142854 0.171 0.04858934375 0.248 0.06896551785714286 0.28900000000000003 0.1144200625 0.312 0.38401254017857145 0.32 0.42319749107142857 0.29300000000000004 0.44514106696428574 0.259 0.44514106696428574 0.189 0.42946708482142854 0.159 0.3902821294642857 0.132
3 0.57836990625 0.222 0.45611285267857143 0.216 0.44200626785714286 0.275 0.3902821294642857 0.32 0.2617554866071429 0.32 0.23981191071428573 0.32799999999999996 0.2460815044642857 0.342 0.38401254017857145 0.35000000000000003 0.45924764732142853 0.402 0.5595611294642857 0.40399999999999997 0.6144200625 0.36100000000000004 0.6269592455357144 0.28500000000000003 0.6112852678571429 0.24900000000000003 0.57836990625 0.222
3 0.8103448258928572 0.304 0.8056426339285715 0.355 0.7868338571428571 0.39299999999999996 0.7382445133928571 0.42600000000000005 0.6943573660714285 0.44 0.7257053303571429 0.48 0.9137931026785714 0.47400000000000003 0.9467084642857142 0.451 0.9655172410714286 0.409 0.9623824464285714 0.35700000000000004 0.9404388705357143 0.325 0.9043887142857142 0.306 0.8103448258928572 0.304
3 0.7476489017857143 0.242 0.6536050178571429 0.22 0.5830720982142857 0.221 0.6206896562499999 0.261 0.6300940446428571 0.317 0.6175548571428572 0.359 0.57836990625 0.40399999999999997 0.65047021875 0.416 0.6974921651785715 0.434 0.7319749196428571 0.428 0.7774294687500001 0.399 0.7993730401785715 0.371 0.8087774285714285 0.317 0.7899686517857143 0.273 0.7476489017857143 0.242
3 0.7805642633928571 0.103 0.7523510982142857 0.055 0.7131661428571429 0.033999999999999996 0.49686520535714285 0.032 0.4623824464285714 0.038 0.42946708482142854 0.059 0.4106583080357143 0.089 0.40595611160714284 0.132 0.4357366785714286 0.155 0.45611285267857143 0.206 0.5313479642857143 0.214 0.7131661428571429 0.214 0.7382445133928571 0.206 0.7648902812499999 0.183 0.7805642633928571 0.145 0.7805642633928571 0.103