3 0.443 0.30721003125 0.42 0.35579937500000003 0.424 0.50626959375 0.433 0.5266457678571429 0.483 0.5203761741071429 0.53 0.5407523526785715 0.551 0.4827586205357143 0.62 0.42476488839285714 0.61 0.33699059375 0.5890000000000001 0.2978056428571429 0.563 0.27899686607142854 0.493 0.27272727232142857 0.47100000000000003 0.2821316607142857 0.443 0.30721003125
3 0.519 0.06896551785714286 0.488 0.11755485714285714 0.48600000000000004 0.26802508035714284 0.539 0.2695924776785714 0.577 0.28526645982142856 0.6 0.3087774285714286 0.618 0.35266457589285716 0.64 0.2617554866071429 0.67 0.22413793303571428 0.668 0.13636363839285714 0.66 0.10188087946428571 0.635 0.06896551785714286 0.599 0.050156741071428576 0.551 0.05329153571428571 0.519 0.06896551785714286
3 0.6669999999999999 0.228840125 0.644 0.2586206875 0.628 0.31191222767857146 0.622 0.3620689642857143 0.626 0.42163009375000005 0.6890000000000001 0.42946708482142854 0.744 0.50626959375 0.776 0.41222570535714287 0.803 0.3699059553571429 0.834 0.35266457589285716 0.834 0.3213166160714286 0.818 0.27429466964285715 0.777 0.22570533035714285 0.701 0.21316614285714283 0.6669999999999999 0.228840125
3 0.7110000000000001 0.0721003125 0.678 0.14263322767857142 0.678 0.21473354017857144 0.731 0.2100313482142857 0.779 0.22257053124999998 0.801 0.24137931250000003 0.83 0.2931034464285714 0.838 0.34952978124999995 0.858 0.35266457589285716 0.88 0.3275862053571429 0.89 0.27742946875 0.886 0.18338558035714286 0.86 0.08620689732142858 0.8310000000000001 0.056426330357142854 0.791 0.04388714732142857 0.743 0.050156741071428576 0.7110000000000001 0.0721003125
3 0.821 0.36363636160714286 0.795 0.3855799375 0.772 0.42476488839285714 0.7460000000000001 0.50626959375 0.7619999999999999 0.65047021875 0.7889999999999999 0.7053291517857143 0.8230000000000001 0.7335423214285715 0.884 0.7413793125 0.9269999999999999 0.7241379330357143 0.9580000000000001 0.6724137946428571 0.9800000000000001 0.5971786830357143 0.986 0.5 0.9640000000000001 0.4310344821428571 0.9349999999999999 0.3887147321428572 0.877 0.35736677232142855 0.821 0.36363636160714286
3 0.6210000000000001 0.43260187946428574 0.5589999999999999 0.4764890267857143 0.5399999999999999 0.5094043883928572 0.538 0.5438871473214285 0.59 0.6880877723214286 0.588 0.80721003125 0.617 0.8275862053571429 0.65 0.8291536071428572 0.715 0.7962382455357143 0.744 0.7507837008928571 0.76 0.6818181830357143 0.758 0.6159874598214286 0.7460000000000001 0.5407523526785715 0.713 0.46394984375 0.681 0.4388714732142857 0.6210000000000001 0.43260187946428574
3 0.441 0.5266457678571429 0.38099999999999995 0.5673981205357143 0.35400000000000004 0.6159874598214286 0.344 0.7539184955357143 0.37 0.8542319732142857 0.40099999999999997 0.9059561116071428 0.44899999999999995 0.9278996875 0.484 0.9263322901785714 0.527 0.9028213169642857 0.568 0.8479623839285715 0.5860000000000001 0.7852664598214286 0.5860000000000001 0.7006269598214285 0.572 0.6316614419642858 0.529 0.54858934375 0.497 0.5266457678571429 0.441 0.5266457678571429
3 0.132 0.6097178705357144 0.122 0.7539184955357143 0.124 0.8761755491071429 0.13499999999999998 0.9059561116071428 0.171 0.9435736696428572 0.248 0.95141065625 0.28900000000000003 0.9310344821428572 0.312 0.8855799375 0.32 0.6159874598214286 0.29300000000000004 0.5768025089285714 0.259 0.5548589330357142 0.189 0.5548589330357142 0.159 0.5705329151785714 0.132 0.6097178705357144
3 0.222 0.42163009375000005 0.216 0.5438871473214285 0.275 0.5579937321428571 0.32 0.6097178705357144 0.32 0.7382445133928571 0.32799999999999996 0.7601880892857142 0.342 0.7539184955357143 0.35000000000000003 0.6159874598214286 0.402 0.5407523526785715 0.40399999999999997 0.44043887053571423 0.36100000000000004 0.3855799375 0.28500000000000003 0.3730407544642857 0.24900000000000003 0.3887147321428572 0.222 0.42163009375000005
3 0.304 0.18965517410714286 0.355 0.1943573660714286 0.39299999999999996 0.21316614285714283 0.42600000000000005 0.2617554866071429 0.44 0.30564263392857144 0.48 0.27429466964285715 0.47400000000000003 0.08620689732142858 0.451 0.05329153571428571 0.409 0.03448275892857143 0.35700000000000004 0.037617553571428576 0.325 0.05956112946428571 0.306 0.0956112857142857 0.304 0.18965517410714286
3 0.242 0.2523510982142857 0.22 0.3463949821428572 0.221 0.4169279017857143 0.261 0.37931034375 0.317 0.3699059553571429 0.359 0.3824451428571428 0.40399999999999997 0.42163009375000005 0.416 0.34952978124999995 0.434 0.30250783482142857 0.428 0.26802508035714284 0.399 0.22257053124999998 0.371 0.20062695982142856 0.317 0.1912225714285714 0.273 0.2100313482142857 0.242 0.2523510982142857
3 0.103 0.21943573660714286 0.055 0.24764890178571428 0.033999999999999996 0.28683385714285714 0.032 0.5031347946428572 0.038 0.5376175535714286 0.059 0.5705329151785714 0.089 0.5893416919642858 0.132 0.5940438883928572 0.155 0.5642633214285714 0.206 0.5438871473214285 0.214 0.4686520357142857 0.214 0.28683385714285714 0.206 0.2617554866071429 0.183 0.23510971875 0.145 0.21943573660714286 0.103 0.21943573660714286